4.0 8.0 0.0 1.0 0.141263 0.0 4 
4.0 7.5 0.0 1.0 0.141263 0.0 4 
4.0 7.0 0.0 1.0 0.141263 0.0 4 
4.5 7.0 0.0 1.0 0.141263 0.0 4 
4.5 7.5 0.0 1.0 0.141263 0.0 4 
4.5 8.0 0.0 1.0 0.141263 0.0 4 
5.0 8.0 0.0 1.0 0.141263 0.0 4 
5.0 7.0 0.0 1.0 0.141263 0.0 4 
5.0 7.5 0.0 1.0 0.141263 0.0 4 
5.5 7.0 0.0 1.0 0.141263 0.0 4 
5.5 7.5 0.0 1.0 0.141263 0.0 4 
5.5 8.0 0.0 1.0 0.141263 0.0 4 
6.0 7.0 0.0 1.0 0.141263 0.0 4 
6.0 7.5 0.0 1.0 0.141263 0.0 4 
6.0 8.0 0.0 1.0 0.141263 0.0 4 
5.5 7.5 0.5 1.0 0.141263 0.0 4 
5.5 7.5 1.0 1.0 0.141263 0.0 4 
5.5 7.5 1.5 1.0 0.141263 0.0 4 
6.0 5.5 0.0 1.0 0.141263 0.0 4 
6.0 5.0 0.0 1.0 0.141263 0.0 4 
6.0 4.5 0.0 1.0 0.141263 0.0 4 
5.5 4.5 0.0 1.0 0.141263 0.0 4 
5.0 4.5 0.0 1.0 0.141263 0.0 4 
5.5 5.5 0.0 1.0 0.141263 0.0 4 
5.0 5.5 0.0 1.0 0.141263 0.0 4 
4.5 5.5 0.0 1.0 0.141263 0.0 4 
4.0 5.5 0.0 1.0 0.141263 0.0 4 
4.0 5.0 0.0 1.0 0.141263 0.0 4 
4.0 4.5 0.0 1.0 0.141263 0.0 4 
5.5 5.0 0.0 1.0 0.141263 0.0 4 
5.0 5.0 0.0 1.0 0.141263 0.0 4 
4.5 5.0 0.0 1.0 0.141263 0.0 4 
4.5 4.5 0.0 1.0 0.141263 0.0 4 
5.5 5.0 0.5 1.0 0.141263 0.0 4 
5.5 5.0 1.0 1.0 0.141263 0.0 4 
5.5 5.0 1.5 1.0 0.141263 0.0 4 
5.0 5.0 2.0 1.0 0.83077 0.0 3 
6.0 7.0 2.0 1.0 0.83077 0.0 3 
5.0 8.0 2.0 1.0 0.83077 0.0 3 
6.0 8.0 2.0 1.0 0.83077 0.0 3 
6.0 8.0 3.0 1.0 0.83077 0.0 3 
6.0 7.0 3.0 1.0 0.83077 0.0 3 
5.0 8.0 3.0 1.0 0.83077 0.0 3 
7.0 7.0 2.0 1.0 0.83077 0.0 3 
7.0 7.0 3.0 1.0 0.83077 0.0 3 
5.0 6.0 3.0 1.0 0.83077 0.0 3 
6.0 6.0 3.0 1.0 0.83077 0.0 3 
6.0 5.0 3.0 1.0 0.83077 0.0 3 
5.0 5.0 3.0 1.0 0.83077 0.0 3 
7.0 6.0 3.0 1.0 0.83077 0.0 3 
7.0 5.0 3.0 1.0 0.83077 0.0 3 
6.0 5.0 2.0 1.0 0.83077 0.0 3 
7.0 5.0 2.0 1.0 0.83077 0.0 3 
5.0 6.0 2.0 1.0 0.83077 0.0 3 
6.0 6.0 2.0 1.0 0.83077 0.0 3 
7.0 6.0 2.0 1.0 0.83077 0.0 3 
7.0 8.0 2.0 1.0 0.83077 0.0 3 
7.0 8.0 3.0 1.0 0.83077 0.0 3 
5.0 7.0 3.0 1.0 0.83077 0.0 3 
5.0 7.0 2.0 1.0 0.83077 0.0 3 
4.0 5.0 2.0 1.0 0.83077 0.0 3 
4.0 4.0 2.0 1.0 0.83077 0.0 3 
4.0 4.0 3.0 1.0 0.83077 0.0 3 
7.0 4.0 3.0 1.0 0.83077 0.0 3 
6.0 4.0 3.0 1.0 0.83077 0.0 3 
5.0 4.0 3.0 1.0 0.83077 0.0 3 
7.0 4.0 2.0 1.0 0.83077 0.0 3 
5.0 4.0 2.0 1.0 0.83077 0.0 3 
6.0 4.0 2.0 1.0 0.83077 0.0 3 
4.0 8.0 3.0 1.0 0.83077 0.0 3 
4.0 7.0 3.0 1.0 0.83077 0.0 3 
4.0 7.0 2.0 1.0 0.83077 0.0 3 
4.0 8.0 2.0 1.0 0.83077 0.0 3 
7.0 6.0 4.0 1.0 0.83077 0.0 3 
7.0 5.0 4.0 1.0 0.83077 0.0 3 
7.0 4.0 4.0 1.0 0.83077 0.0 3 
4.0 5.0 3.0 1.0 0.83077 0.0 3 
4.0 6.0 2.0 1.0 0.83077 0.0 3 
4.0 6.0 3.0 1.0 0.83077 0.0 3 
7.0 8.0 4.0 1.0 0.83077 0.0 3 
7.0 7.0 4.0 1.0 0.83077 0.0 3 
6.0 8.0 4.0 1.0 0.83077 0.0 3 
6.0 7.0 4.0 1.0 0.83077 0.0 3 
6.0 6.0 4.0 1.0 0.83077 0.0 3 
6.0 5.0 4.0 1.0 0.83077 0.0 3 
6.0 4.0 4.0 1.0 0.83077 0.0 3 
5.0 5.0 4.0 1.0 0.83077 0.0 3 
5.0 4.0 4.0 1.0 0.83077 0.0 3 
4.0 4.0 4.0 1.0 0.83077 0.0 3 
4.0 5.0 4.0 1.0 0.83077 0.0 3 
5.0 6.0 4.0 1.0 0.83077 0.0 3 
4.0 6.0 4.0 1.0 0.83077 0.0 3 
5.0 7.0 4.0 1.0 0.83077 0.0 3 
4.0 8.0 4.0 1.0 0.83077 0.0 3 
4.0 7.0 4.0 1.0 0.83077 0.0 3 
5.0 8.0 4.0 1.0 0.83077 0.0 3 
7.0 8.0 5.0 1.0 0.83077 0.0 3 
7.0 7.0 5.0 1.0 0.83077 0.0 3 
7.0 6.0 5.0 1.0 0.83077 0.0 3 
7.0 5.0 5.0 1.0 0.83077 0.0 3 
7.0 4.0 5.0 1.0 0.83077 0.0 3 
6.0 4.0 5.0 1.0 0.83077 0.0 3 
6.0 5.0 5.0 1.0 0.83077 0.0 3 
6.0 6.0 5.0 1.0 0.83077 0.0 3 
6.0 7.0 5.0 1.0 0.83077 0.0 3 
6.0 8.0 5.0 1.0 0.83077 0.0 3 
5.0 4.0 5.0 1.0 0.83077 0.0 3 
5.0 5.0 5.0 1.0 0.83077 0.0 3 
5.0 6.0 5.0 1.0 0.83077 0.0 3 
5.0 7.0 5.0 1.0 0.83077 0.0 3 
5.0 8.0 5.0 1.0 0.83077 0.0 3 
4.0 4.0 5.0 1.0 0.83077 0.0 3 
4.0 8.0 5.0 1.0 0.83077 0.0 3 
4.0 7.0 5.0 1.0 0.83077 0.0 3 
4.0 6.0 5.0 1.0 0.83077 0.0 3 
4.0 5.0 5.0 1.0 0.83077 0.0 3 
8.0 8.0 5.0 1.0 0.83077 0.0 3 
8.0 8.0 4.0 1.0 0.83077 0.0 3 
8.0 8.0 3.0 1.0 0.83077 0.0 3 
8.0 8.0 2.0 1.0 0.83077 0.0 3 
8.0 7.0 5.0 1.0 0.83077 0.0 3 
8.0 7.0 4.0 1.0 0.83077 0.0 3 
8.0 7.0 3.0 1.0 0.83077 0.0 3 
8.0 7.0 2.0 1.0 0.83077 0.0 3 
8.0 6.0 5.0 1.0 0.83077 0.0 3 
8.0 6.0 4.0 1.0 0.83077 0.0 3 
8.0 6.0 3.0 1.0 0.83077 0.0 3 
8.0 6.0 2.0 1.0 0.83077 0.0 3 
8.0 5.0 5.0 1.0 0.83077 0.0 3 
8.0 5.0 4.0 1.0 0.83077 0.0 3 
8.0 5.0 3.0 1.0 0.83077 0.0 3 
8.0 5.0 2.0 1.0 0.83077 0.0 3 
8.0 4.0 5.0 1.0 0.83077 0.0 3 
8.0 4.0 4.0 1.0 0.83077 0.0 3 
8.0 4.0 3.0 1.0 0.83077 0.0 3 
8.0 4.0 2.0 1.0 0.83077 0.0 3 
9.0 5.0 4.0 1.0 0.83077 0.0 3 
9.0 5.0 3.0 1.0 0.83077 0.0 3 
10.0 6.0 3.0 1.0 0.83077 0.0 3 
9.0 6.0 4.0 1.0 0.83077 0.0 3 
9.0 6.0 3.0 1.0 0.83077 0.0 3 
9.0 7.0 4.0 1.0 0.83077 0.0 3 
9.0 7.0 3.0 1.0 0.83077 0.0 3 
10.0 7.0 4.0 1.0 0.83077 0.0 3 
10.0 7.0 3.0 1.0 0.83077 0.0 3 
10.0 6.0 4.0 1.0 0.83077 0.0 3 
10.0 5.0 4.0 1.0 0.83077 0.0 3 
10.0 5.0 3.0 1.0 0.83077 0.0 3 
11.0 6.0 4.0 1.0 0.83077 0.0 3 
11.0 7.0 3.0 1.0 0.83077 0.0 3 
11.0 6.0 3.0 1.0 0.83077 0.0 3 
11.0 5.0 3.0 1.0 0.83077 0.0 3 
9.0 7.0 5.0 1.0 0.83077 0.0 3 
9.0 6.0 5.0 1.0 0.83077 0.0 3 
9.0 5.0 5.0 1.0 0.83077 0.0 3 
10.0 5.0 5.0 1.0 0.83077 0.0 3 
10.0 7.0 5.0 1.0 0.83077 0.0 3 
10.0 6.0 5.0 1.0 0.83077 0.0 3 
11.0 6.0 5.0 1.0 0.83077 0.0 3 
11.0 7.0 4.0 1.0 0.83077 0.0 3 
11.0 5.0 4.0 1.0 0.83077 0.0 3 
4.0 4.0 6.0 1.0 0.83077 0.0 3 
5.0 4.0 6.0 1.0 0.83077 0.0 3 
6.0 4.0 6.0 1.0 0.83077 0.0 3 
8.0 4.0 6.0 1.0 0.83077 0.0 3 
7.0 4.0 6.0 1.0 0.83077 0.0 3 
8.0 5.0 6.0 1.0 0.83077 0.0 3 
8.0 6.0 6.0 1.0 0.83077 0.0 3 
7.0 5.0 6.0 1.0 0.83077 0.0 3 
6.0 5.0 6.0 1.0 0.83077 0.0 3 
5.0 5.0 6.0 1.0 0.83077 0.0 3 
4.0 5.0 6.0 1.0 0.83077 0.0 3 
4.0 6.0 6.0 1.0 0.83077 0.0 3 
5.0 6.0 6.0 1.0 0.83077 0.0 3 
6.0 6.0 6.0 1.0 0.83077 0.0 3 
7.0 6.0 6.0 1.0 0.83077 0.0 3 
8.0 7.0 6.0 1.0 0.83077 0.0 3 
7.0 7.0 6.0 1.0 0.83077 0.0 3 
6.0 7.0 6.0 1.0 0.83077 0.0 3 
5.0 7.0 6.0 1.0 0.83077 0.0 3 
4.0 7.0 6.0 1.0 0.83077 0.0 3 
4.0 8.0 6.0 1.0 0.83077 0.0 3 
5.0 8.0 6.0 1.0 0.83077 0.0 3 
6.0 8.0 6.0 1.0 0.83077 0.0 3 
7.0 8.0 6.0 1.0 0.83077 0.0 3 
8.0 8.0 6.0 1.0 0.83077 0.0 3 
9.0 5.0 6.0 1.0 0.83077 0.0 3 
9.0 6.0 6.0 1.0 0.83077 0.0 3 
9.0 7.0 6.0 1.0 0.83077 0.0 3 
8.0 4.0 7.0 1.0 0.83077 0.0 3 
7.0 4.0 7.0 1.0 0.83077 0.0 3 
6.0 4.0 7.0 1.0 0.83077 0.0 3 
5.0 4.0 7.0 1.0 0.83077 0.0 3 
4.0 4.0 7.0 1.0 0.83077 0.0 3 
8.0 5.0 7.0 1.0 0.83077 0.0 3 
7.0 5.0 7.0 1.0 0.83077 0.0 3 
6.0 5.0 7.0 1.0 0.83077 0.0 3 
5.0 5.0 7.0 1.0 0.83077 0.0 3 
5.0 5.0 8.0 1.0 0.83077 0.0 3 
4.0 5.0 8.0 1.0 0.83077 0.0 3 
4.0 5.0 7.0 1.0 0.83077 0.0 3 
8.0 6.0 7.0 1.0 0.83077 0.0 3 
7.0 6.0 7.0 1.0 0.83077 0.0 3 
6.0 6.0 7.0 1.0 0.83077 0.0 3 
5.0 6.0 7.0 1.0 0.83077 0.0 3 
4.0 6.0 7.0 1.0 0.83077 0.0 3 
8.0 7.0 7.0 1.0 0.83077 0.0 3 
6.0 7.0 7.0 1.0 0.83077 0.0 3 
6.0 7.0 8.0 1.0 0.83077 0.0 3 
4.0 7.0 7.0 1.0 0.83077 0.0 3 
5.0 7.0 7.0 1.0 0.83077 0.0 3 
5.0 8.0 7.0 1.0 0.83077 0.0 3 
4.0 8.0 7.0 1.0 0.83077 0.0 3 
8.0 8.0 7.0 1.0 0.83077 0.0 3 
7.0 8.0 7.0 1.0 0.83077 0.0 3 
6.0 8.0 7.0 1.0 0.83077 0.0 3 
7.0 7.0 7.0 1.0 0.83077 0.0 3 
5.0 9.0 5.0 1.0 0.83077 0.0 3 
6.0 9.0 5.0 1.0 0.83077 0.0 3 
7.0 9.0 5.0 1.0 0.83077 0.0 3 
8.0 9.0 5.0 1.0 0.83077 0.0 3 
5.0 9.0 4.0 1.0 0.83077 0.0 3 
6.0 9.0 4.0 1.0 0.83077 0.0 3 
7.0 9.0 4.0 1.0 0.83077 0.0 3 
8.0 9.0 4.0 1.0 0.83077 0.0 3 
8.0 5.0 8.0 1.0 0.83077 0.0 3 
4.0 4.0 8.0 1.0 0.83077 0.0 3 
5.0 4.0 8.0 1.0 0.83077 0.0 3 
6.0 4.0 8.0 1.0 0.83077 0.0 3 
7.0 4.0 8.0 1.0 0.83077 0.0 3 
8.0 4.0 8.0 1.0 0.83077 0.0 3 
7.0 3.0 5.0 1.0 0.83077 0.0 3 
5.0 3.0 4.0 1.0 0.83077 0.0 3 
5.0 3.0 5.0 1.0 0.83077 0.0 3 
6.0 3.0 5.0 1.0 0.83077 0.0 3 
6.0 3.0 4.0 1.0 0.83077 0.0 3 
7.0 3.0 4.0 1.0 0.83077 0.0 3 
8.0 3.0 5.0 1.0 0.83077 0.0 3 
8.0 3.0 4.0 1.0 0.83077 0.0 3 
7.0 5.0 8.0 1.0 0.83077 0.0 3 
6.0 5.0 8.0 1.0 0.83077 0.0 3 
8.0 6.0 8.0 1.0 0.83077 0.0 3 
7.0 6.0 8.0 1.0 0.83077 0.0 3 
6.0 6.0 8.0 1.0 0.83077 0.0 3 
5.0 6.0 8.0 1.0 0.83077 0.0 3 
4.0 6.0 8.0 1.0 0.83077 0.0 3 
8.0 7.0 8.0 1.0 0.83077 0.0 3 
5.0 7.0 8.0 1.0 0.83077 0.0 3 
4.0 7.0 8.0 1.0 0.83077 0.0 3 
7.0 7.0 8.0 1.0 0.83077 0.0 3 
4.0 8.0 8.0 1.0 0.83077 0.0 3 
7.0 8.0 9.0 1.0 0.83077 0.0 3 
4.0 8.0 9.0 1.0 0.83077 0.0 3 
6.0 8.0 8.0 1.0 0.83077 0.0 3 
5.0 8.0 9.0 1.0 0.83077 0.0 3 
8.0 8.0 8.0 1.0 0.83077 0.0 3 
7.0 8.0 8.0 1.0 0.83077 0.0 3 
5.0 8.0 8.0 1.0 0.83077 0.0 3 
8.0 8.0 9.0 1.0 0.83077 0.0 3 
6.0 8.0 9.0 0.0 0.0 0.0 3 
6.0 4.0 9.0 0.0 0.0 0.0 3 
5.0 4.0 9.0 0.814847 0.730461 0.009134 3 
4.0 4.0 9.0 0.814847 0.730461 0.009134 3 
4.0 5.0 9.0 0.814847 0.730461 0.009134 3 
4.0 6.0 9.0 0.814847 0.730461 0.009134 3 
4.0 7.0 9.0 0.814847 0.730461 0.009134 3 
8.0 4.0 9.0 0.814847 0.730461 0.009134 3 
8.0 5.0 9.0 0.814847 0.730461 0.009134 3 
8.0 6.0 9.0 0.814847 0.730461 0.009134 3 
8.0 7.0 9.0 0.814847 0.730461 0.009134 3 
7.0 7.0 9.0 0.814847 0.730461 0.009134 3 
6.0 7.0 9.0 0.814847 0.730461 0.009134 3 
5.0 7.0 9.0 0.814847 0.730461 0.009134 3 
7.0 6.0 9.0 0.814847 0.730461 0.009134 3 
6.0 6.0 9.0 0.814847 0.730461 0.009134 3 
5.0 6.0 9.0 0.814847 0.730461 0.009134 3 
5.0 5.0 9.0 0.814847 0.730461 0.009134 3 
6.0 5.0 9.0 0.814847 0.730461 0.009134 3 
7.0 5.0 9.0 0.814847 0.730461 0.009134 3 
7.0 4.0 9.0 0.814847 0.730461 0.009134 3 
8.0 4.0 10.0 0.814847 0.730461 0.009134 3 
8.0 5.0 10.0 0.814847 0.730461 0.009134 3 
8.0 6.0 10.0 0.814847 0.730461 0.009134 3 
8.0 8.0 10.0 0.814847 0.730461 0.009134 3 
8.0 7.0 10.0 0.814847 0.730461 0.009134 3 
7.0 8.0 10.0 0.814847 0.730461 0.009134 3 
6.0 8.0 10.0 0.814847 0.730461 0.009134 3 
5.0 8.0 10.0 0.814847 0.730461 0.009134 3 
4.0 8.0 10.0 0.814847 0.730461 0.009134 3 
4.0 7.0 10.0 0.814847 0.730461 0.009134 3 
4.0 6.0 10.0 0.814847 0.730461 0.009134 3 
4.0 5.0 10.0 0.814847 0.730461 0.009134 3 
4.0 4.0 10.0 0.814847 0.730461 0.009134 3 
7.0 4.0 10.0 0.814847 0.730461 0.009134 3 
8.0 6.0 11.0 0.814847 0.730461 0.009134 3 
7.0 5.0 10.0 0.814847 0.730461 0.009134 3 
7.0 6.0 10.0 0.814847 0.730461 0.009134 3 
7.0 7.0 10.0 0.814847 0.730461 0.009134 3 
6.0 7.0 10.0 0.814847 0.730461 0.009134 3 
6.0 6.0 10.0 0.814847 0.730461 0.009134 3 
6.0 5.0 10.0 0.814847 0.730461 0.009134 3 
6.0 4.0 10.0 0.814847 0.730461 0.009134 3 
5.0 7.0 10.0 0.814847 0.730461 0.009134 3 
5.0 6.0 10.0 0.814847 0.730461 0.009134 3 
5.0 5.0 10.0 0.814847 0.730461 0.009134 3 
5.0 4.0 10.0 0.814847 0.730461 0.009134 3 
8.0 8.0 11.0 0.814847 0.730461 0.009134 3 
7.0 8.0 11.0 0.814847 0.730461 0.009134 3 
6.0 8.0 11.0 0.814847 0.730461 0.009134 3 
5.0 8.0 11.0 0.814847 0.730461 0.009134 3 
4.0 8.0 11.0 0.814847 0.730461 0.009134 3 
8.0 7.0 11.0 0.814847 0.730461 0.009134 3 
6.0 7.0 11.0 0.814847 0.730461 0.009134 3 
5.0 7.0 11.0 0.814847 0.730461 0.009134 3 
4.0 7.0 11.0 0.814847 0.730461 0.009134 3 
7.0 7.0 11.0 0.814847 0.730461 0.009134 3 
7.0 6.0 11.0 0.814847 0.730461 0.009134 3 
6.0 6.0 11.0 0.814847 0.730461 0.009134 3 
5.0 6.0 11.0 0.814847 0.730461 0.009134 3 
4.0 6.0 11.0 0.814847 0.730461 0.009134 3 
8.0 5.0 11.0 0.814847 0.730461 0.009134 3 
7.0 5.0 11.0 0.814847 0.730461 0.009134 3 
6.0 5.0 11.0 0.814847 0.730461 0.009134 3 
5.0 5.0 11.0 0.814847 0.730461 0.009134 3 
4.0 5.0 11.0 0.814847 0.730461 0.009134 3 
8.0 4.0 11.0 0.814847 0.730461 0.009134 3 
7.0 4.0 11.0 0.814847 0.730461 0.009134 3 
6.0 4.0 11.0 0.814847 0.730461 0.009134 3 
5.0 4.0 11.0 0.814847 0.730461 0.009134 3 
4.0 4.0 11.0 0.814847 0.730461 0.009134 3 
2.0 5.0 10.0 1.0 0.327778 0.012286 3 
3.0 6.0 10.0 1.0 0.327778 0.012286 3 
3.0 7.0 10.0 1.0 0.327778 0.012286 3 
3.0 7.0 9.0 1.0 0.327778 0.012286 3 
3.0 5.0 10.0 1.0 0.327778 0.012286 3 
3.0 5.0 9.0 1.0 0.327778 0.012286 3 
3.0 6.0 9.0 1.0 0.327778 0.012286 3 
2.0 5.0 9.0 1.0 0.327778 0.012286 3 
2.0 6.0 9.0 1.0 0.327778 0.012286 3 
2.0 6.0 10.0 1.0 0.327778 0.012286 3 
2.0 7.0 9.0 1.0 0.327778 0.012286 3 
2.0 7.0 10.0 1.0 0.327778 0.012286 3 
