3.0 4.0 0.0 0.036889 0.0 0.665387 4 
3.0 4.5 0.0 0.036889 0.0 0.665387 4 
3.0 5.0 0.0 0.036889 0.0 0.665387 4 
3.5 3.5 0.0 0.036889 0.0 0.665387 4 
4.5 3.5 0.0 0.036889 0.0 0.665387 4 
4.0 3.5 0.0 0.036889 0.0 0.665387 4 
5.0 4.0 0.0 0.036889 0.0 0.665387 4 
5.0 4.5 0.0 0.036889 0.0 0.665387 4 
5.0 5.0 0.0 0.036889 0.0 0.665387 4 
4.5 5.5 0.0 0.036889 0.0 0.665387 4 
4.0 5.5 0.0 0.036889 0.0 0.665387 4 
3.5 5.5 0.0 0.036889 0.0 0.665387 4 
4.5 3.0 1.0 0.036889 0.0 0.665387 4 
2.5 4.0 0.5 0.036889 0.0 0.665387 4 
2.5 4.0 1.0 0.036889 0.0 0.665387 4 
2.5 4.0 1.5 0.036889 0.0 0.665387 4 
2.5 4.5 1.5 0.036889 0.0 0.665387 4 
2.5 5.0 1.5 0.036889 0.0 0.665387 4 
2.5 4.5 1.0 0.036889 0.0 0.665387 4 
2.5 5.0 1.0 0.036889 0.0 0.665387 4 
3.0 5.5 0.5 0.036889 0.0 0.665387 4 
2.5 4.5 0.5 0.036889 0.0 0.665387 4 
2.5 5.0 0.5 0.036889 0.0 0.665387 4 
3.0 5.5 1.0 0.036889 0.0 0.665387 4 
3.0 5.5 1.5 0.036889 0.0 0.665387 4 
5.0 5.5 0.5 0.036889 0.0 0.665387 4 
5.0 5.5 1.0 0.036889 0.0 0.665387 4 
5.0 5.5 1.5 0.036889 0.0 0.665387 4 
3.5 6.0 0.5 0.036889 0.0 0.665387 4 
3.5 6.0 1.0 0.036889 0.0 0.665387 4 
3.5 6.0 1.5 0.036889 0.0 0.665387 4 
4.0 6.0 0.5 0.036889 0.0 0.665387 4 
4.0 6.0 1.0 0.036889 0.0 0.665387 4 
4.0 6.0 1.5 0.036889 0.0 0.665387 4 
4.5 6.0 0.5 0.036889 0.0 0.665387 4 
4.5 6.0 1.0 0.036889 0.0 0.665387 4 
5.5 5.0 0.5 0.036889 0.0 0.665387 4 
4.5 6.0 1.5 0.036889 0.0 0.665387 4 
5.5 5.0 1.0 0.036889 0.0 0.665387 4 
5.5 5.0 1.5 0.036889 0.0 0.665387 4 
5.5 4.5 0.5 0.036889 0.0 0.665387 4 
5.5 4.5 1.0 0.036889 0.0 0.665387 4 
5.5 4.5 1.5 0.036889 0.0 0.665387 4 
5.5 4.0 0.5 0.036889 0.0 0.665387 4 
5.5 4.0 1.0 0.036889 0.0 0.665387 4 
5.5 4.0 1.5 0.036889 0.0 0.665387 4 
5.0 3.5 0.5 0.036889 0.0 0.665387 4 
5.0 3.5 1.0 0.036889 0.0 0.665387 4 
5.0 3.5 1.5 0.036889 0.0 0.665387 4 
4.5 3.0 1.5 0.036889 0.0 0.665387 4 
4.5 3.0 0.5 0.036889 0.0 0.665387 4 
4.0 3.0 0.5 0.036889 0.0 0.665387 4 
4.0 3.0 1.0 0.036889 0.0 0.665387 4 
4.0 3.0 1.5 0.036889 0.0 0.665387 4 
3.5 3.0 0.5 0.036889 0.0 0.665387 4 
3.5 3.0 1.0 0.036889 0.0 0.665387 4 
3.5 3.0 1.5 0.036889 0.0 0.665387 4 
4.5 5.0 0.0 0.036889 0.0 0.665387 4 
3.0 3.5 0.5 0.036889 0.0 0.665387 4 
3.0 3.5 1.0 0.036889 0.0 0.665387 4 
3.0 3.5 1.5 0.036889 0.0 0.665387 4 
4.5 4.5 0.0 0.036889 0.0 0.665387 4 
4.5 4.0 0.0 0.036889 0.0 0.665387 4 
4.0 5.0 0.0 0.036889 0.0 0.665387 4 
3.5 5.0 0.0 0.036889 0.0 0.665387 4 
4.0 4.5 0.0 0.036889 0.0 0.665387 4 
3.5 4.5 0.0 0.036889 0.0 0.665387 4 
4.0 4.0 0.0 0.036889 0.0 0.665387 4 
3.5 4.0 0.0 0.036889 0.0 0.665387 4 
4.5 5.5 1.0 0.152926 0.05448 0.025187 4 
4.0 5.5 1.0 0.152926 0.05448 0.025187 4 
3.5 5.5 1.0 0.152926 0.05448 0.025187 4 
3.0 5.0 1.0 0.152926 0.05448 0.025187 4 
3.0 4.5 1.0 0.152926 0.05448 0.025187 4 
3.5 5.0 1.0 0.152926 0.05448 0.025187 4 
4.0 5.0 1.0 0.152926 0.05448 0.025187 4 
4.5 5.0 1.0 0.152926 0.05448 0.025187 4 
5.0 5.0 1.0 0.152926 0.05448 0.025187 4 
5.0 4.5 1.0 0.152926 0.05448 0.025187 4 
4.5 4.5 1.0 0.152926 0.05448 0.025187 4 
4.0 4.5 1.0 0.152926 0.05448 0.025187 4 
3.5 4.5 1.0 0.152926 0.05448 0.025187 4 
3.0 4.0 1.0 0.152926 0.05448 0.025187 4 
3.5 3.5 1.0 0.152926 0.05448 0.025187 4 
3.5 4.0 1.0 0.152926 0.05448 0.025187 4 
4.0 3.5 1.0 0.152926 0.05448 0.025187 4 
4.0 4.0 1.0 0.152926 0.05448 0.025187 4 
5.0 4.0 1.0 0.152926 0.05448 0.025187 4 
4.5 4.0 1.0 0.152926 0.05448 0.025187 4 
4.5 3.5 1.0 0.152926 0.05448 0.025187 4 
3.5 4.5 1.5 0.072272 0.346704 0.059511 4 
3.5 4.5 2.0 0.072272 0.346704 0.059511 4 
4.0 4.5 2.0 0.072272 0.346704 0.059511 4 
4.0 4.5 2.5 0.072272 0.346704 0.059511 4 
4.0 4.5 3.0 0.072272 0.346704 0.059511 4 
4.5 4.5 3.5 0.072272 0.346704 0.059511 4 
3.5 4.0 3.0 0.072272 0.346704 0.059511 4 
4.5 4.5 4.0 0.072272 0.346704 0.059511 4 
3.0 3.5 3.0 0.072272 0.346704 0.059511 4 
3.5 3.5 3.5 0.072272 0.346704 0.059511 4 
3.0 4.0 3.5 0.072272 0.346704 0.059511 4 
5.0 5.0 4.5 1.0 1.0 1.0 4 
5.0 5.0 4.0 0.072272 0.346704 0.059511 4 
5.5 4.5 4.5 1.0 1.0 1.0 4 
5.5 4.5 4.0 0.072272 0.346704 0.059511 4 
6.0 4.5 4.0 1.0 1.0 1.0 4 
5.0 5.5 4.0 1.0 1.0 1.0 4 
3.0 4.0 4.0 1.0 1.0 1.0 4 
3.5 3.5 4.0 1.0 1.0 1.0 4 
6.0 5.0 3.5 1.0 1.0 1.0 4 
5.5 5.5 3.5 1.0 1.0 1.0 4 
2.5 4.0 3.5 1.0 1.0 1.0 4 
2.5 3.5 3.0 1.0 1.0 1.0 4 
3.5 3.0 3.5 1.0 1.0 1.0 4 
3.0 3.0 3.0 1.0 1.0 1.0 4 
3.0 3.5 3.5 1.0 0.73791 0.016807 4 
5.5 5.0 4.0 1.0 0.73791 0.016807 4 
5.5 5.0 3.5 0.177888 0.651406 0.127438 4 
5.0 4.5 4.0 0.177888 0.651406 0.127438 4 
