3.25 9.5 0.0 0.0 0.0 0.0 5 
3.5 9.5 0.0 0.0 0.0 0.0 5 
3.75 9.5 0.0 0.0 0.0 0.0 5 
4.0 9.5 0.0 0.0 0.0 0.0 5 
4.25 9.5 0.0 0.0 0.0 0.0 5 
4.5 9.5 0.0 0.0 0.0 0.0 5 
4.75 9.5 0.0 0.0 0.0 0.0 5 
5.0 9.5 0.0 0.0 0.0 0.0 5 
3.0 9.5 0.0 0.0 0.0 0.0 5 
2.75 9.5 0.0 0.0 0.0 0.0 5 
2.75 9.5 0.25 0.0 0.0 0.0 5 
2.75 9.5 0.5 0.0 0.0 0.0 5 
2.75 9.5 0.75 0.0 0.0 0.0 5 
2.75 9.5 1.0 0.0 0.0 0.0 5 
2.75 9.5 1.25 0.0 0.0 0.0 5 
2.75 9.5 1.5 0.0 0.0 0.0 5 
2.75 9.5 1.75 0.0 0.0 0.0 5 
5.0 9.5 0.25 0.0 0.0 0.0 5 
5.0 9.5 0.5 0.0 0.0 0.0 5 
5.0 9.5 0.75 0.0 0.0 0.0 5 
5.0 9.5 1.0 0.0 0.0 0.0 5 
5.0 9.5 1.25 0.0 0.0 0.0 5 
5.0 9.5 1.5 0.0 0.0 0.0 5 
5.0 9.5 1.75 0.0 0.0 0.0 5 
4.75 9.5 1.75 0.0 0.0 0.0 5 
4.5 9.5 1.75 0.0 0.0 0.0 5 
4.25 9.5 1.75 0.0 0.0 0.0 5 
4.0 9.5 1.75 0.0 0.0 0.0 5 
3.75 9.5 1.75 0.0 0.0 0.0 5 
3.5 9.5 1.75 0.0 0.0 0.0 5 
3.25 9.5 1.75 0.0 0.0 0.0 5 
3.0 9.5 1.75 0.0 0.0 0.0 5 
4.75 9.5 0.25 0.23074 0.23074 0.23074 5 
4.75 9.5 0.5 0.23074 0.23074 0.23074 5 
4.75 9.5 0.75 0.23074 0.23074 0.23074 5 
4.75 9.5 1.0 0.23074 0.23074 0.23074 5 
4.75 9.5 1.25 0.23074 0.23074 0.23074 5 
4.75 9.5 1.5 0.23074 0.23074 0.23074 5 
4.5 9.5 0.25 0.23074 0.23074 0.23074 5 
4.25 9.5 0.25 0.23074 0.23074 0.23074 5 
4.0 9.5 0.25 0.23074 0.23074 0.23074 5 
3.75 9.5 0.25 0.23074 0.23074 0.23074 5 
3.5 9.5 0.25 0.23074 0.23074 0.23074 5 
3.25 9.5 0.25 0.23074 0.23074 0.23074 5 
3.0 9.5 0.25 0.23074 0.23074 0.23074 5 
4.5 9.5 1.5 0.23074 0.23074 0.23074 5 
4.25 9.5 1.5 0.23074 0.23074 0.23074 5 
4.0 9.5 1.5 0.23074 0.23074 0.23074 5 
3.75 9.5 1.5 0.23074 0.23074 0.23074 5 
3.5 9.5 1.5 0.23074 0.23074 0.23074 5 
3.25 9.5 1.5 0.23074 0.23074 0.23074 5 
3.0 9.5 1.5 0.23074 0.23074 0.23074 5 
3.0 9.5 0.5 0.23074 0.23074 0.23074 5 
3.0 9.5 0.75 0.23074 0.23074 0.23074 5 
3.0 9.5 1.0 0.23074 0.23074 0.23074 5 
3.0 9.5 1.25 0.23074 0.23074 0.23074 5 
4.5 9.5 0.5 0.158961 0.158961 0.158961 5 
3.5 9.5 0.75 0.23074 0.23074 0.23074 5 
3.5 9.5 1.0 0.23074 0.23074 0.23074 5 
3.75 9.5 1.0 0.23074 0.23074 0.23074 5 
4.0 9.5 1.0 0.23074 0.23074 0.23074 5 
4.25 9.5 1.0 0.23074 0.23074 0.23074 5 
4.0 9.5 0.75 0.23074 0.23074 0.23074 5 
3.75 9.5 0.75 0.23074 0.23074 0.23074 5 
4.5 9.5 0.75 0.158961 0.158961 0.158961 5 
4.25 9.5 0.75 0.23074 0.23074 0.23074 5 
4.5 9.5 1.0 0.158961 0.158961 0.158961 5 
4.5 9.5 1.25 0.158961 0.158961 0.158961 5 
4.25 9.5 1.25 0.158961 0.158961 0.158961 5 
4.0 9.5 1.25 0.158961 0.158961 0.158961 5 
3.75 9.5 1.25 0.158961 0.158961 0.158961 5 
3.5 9.5 1.25 0.158961 0.158961 0.158961 5 
4.25 9.5 0.5 0.158961 0.158961 0.158961 5 
4.0 9.5 0.5 0.158961 0.158961 0.158961 5 
3.75 9.5 0.5 0.158961 0.158961 0.158961 5 
3.5 9.5 0.5 0.158961 0.158961 0.158961 5 
3.25 9.5 0.5 0.158961 0.158961 0.158961 5 
3.25 9.5 0.75 0.158961 0.158961 0.158961 5 
3.25 9.5 1.25 0.158961 0.158961 0.158961 5 
3.25 9.5 1.0 0.158961 0.158961 0.158961 5 
