4.5 7.5 0.0 1.0 0.242281 0.068478 4 
4.0 7.5 0.0 1.0 0.242281 0.068478 4 
4.5 4.5 0.0 1.0 0.242281 0.068478 4 
4.0 4.5 0.0 1.0 0.242281 0.068478 4 
5.0 4.5 0.0 1.0 1.0 1.0 4 
5.0 5.0 0.0 1.0 1.0 1.0 4 
5.0 5.5 0.0 1.0 1.0 1.0 4 
5.0 6.0 0.0 1.0 1.0 1.0 4 
5.0 6.5 0.0 1.0 1.0 1.0 4 
5.0 7.0 0.0 1.0 1.0 1.0 4 
5.0 7.5 0.0 1.0 1.0 1.0 4 
5.5 7.5 0.0 1.0 1.0 1.0 4 
6.0 7.5 0.0 1.0 1.0 1.0 4 
6.5 7.5 0.0 1.0 1.0 1.0 4 
5.5 7.5 3.0 1.0 1.0 1.0 4 
5.5 4.5 0.0 1.0 1.0 1.0 4 
6.0 4.5 0.0 1.0 1.0 1.0 4 
6.5 4.5 0.0 1.0 1.0 1.0 4 
5.5 7.5 3.5 1.0 1.0 1.0 4 
5.5 7.5 4.0 1.0 1.0 1.0 4 
5.5 7.5 4.5 1.0 1.0 1.0 4 
6.5 5.0 0.0 1.0 1.0 1.0 4 
6.5 5.5 0.0 1.0 1.0 1.0 4 
6.5 6.0 0.0 1.0 1.0 1.0 4 
5.0 4.5 0.5 1.0 1.0 1.0 4 
5.0 5.0 0.5 1.0 1.0 1.0 4 
5.0 5.5 0.5 1.0 1.0 1.0 4 
5.0 6.0 0.5 1.0 1.0 1.0 4 
5.0 6.5 0.5 1.0 1.0 1.0 4 
5.0 7.0 0.5 1.0 1.0 1.0 4 
5.0 7.5 0.5 1.0 1.0 1.0 4 
4.5 6.5 0.5 1.0 1.0 1.0 4 
4.5 6.0 0.5 1.0 1.0 1.0 4 
4.5 5.5 0.5 1.0 1.0 1.0 4 
4.5 5.5 1.0 1.0 1.0 1.0 4 
4.5 6.0 1.0 1.0 1.0 1.0 4 
4.5 6.5 1.0 1.0 1.0 1.0 4 
4.5 7.0 1.0 1.0 1.0 1.0 4 
4.5 5.0 1.0 1.0 1.0 1.0 4 
4.5 5.0 1.5 1.0 1.0 1.0 4 
4.5 5.5 1.5 1.0 1.0 1.0 4 
4.5 6.0 1.5 1.0 1.0 1.0 4 
4.5 6.5 1.5 1.0 1.0 1.0 4 
4.5 7.0 1.5 1.0 1.0 1.0 4 
4.5 5.0 2.0 1.0 1.0 1.0 4 
4.5 5.5 2.0 1.0 1.0 1.0 4 
4.5 6.0 2.0 1.0 1.0 1.0 4 
4.5 6.5 2.0 1.0 1.0 1.0 4 
4.5 7.0 2.0 1.0 1.0 1.0 4 
4.5 5.0 2.5 1.0 0.242281 0.068478 4 
4.0 5.0 2.5 1.0 0.242281 0.068478 4 
4.5 7.0 2.5 1.0 0.242281 0.068478 4 
4.0 7.0 2.5 1.0 0.242281 0.068478 4 
4.5 5.5 2.5 0.187821 0.078187 0.022174 4 
4.5 6.0 2.5 0.187821 0.078187 0.022174 4 
4.5 6.5 2.5 0.187821 0.078187 0.022174 4 
4.0 6.5 2.5 0.130136 0.031896 0.009134 4 
4.0 6.0 2.5 0.130136 0.031896 0.009134 4 
4.0 5.5 2.5 0.130136 0.031896 0.009134 4 
4.0 5.5 2.0 0.130136 0.031896 0.009134 4 
4.0 6.0 2.0 0.130136 0.031896 0.009134 4 
4.0 6.5 2.0 0.130136 0.031896 0.009134 4 
4.0 6.0 1.5 0.130136 0.031896 0.009134 4 
4.0 5.5 3.0 0.130136 0.031896 0.009134 4 
4.0 6.5 3.0 0.130136 0.031896 0.009134 4 
4.0 6.0 3.0 0.130136 0.031896 0.009134 4 
4.5 6.0 3.0 0.116971 0.029557 0.006995 4 
4.5 5.5 3.0 0.116971 0.029557 0.006995 4 
4.5 6.5 3.0 0.116971 0.029557 0.006995 4 
4.0 6.0 3.5 0.130136 0.031896 0.009134 4 
4.5 5.5 3.5 1.0 1.0 1.0 4 
4.5 6.0 3.5 1.0 1.0 1.0 4 
4.5 6.5 3.5 1.0 1.0 1.0 4 
4.5 7.0 3.5 1.0 1.0 1.0 4 
4.5 5.0 3.5 1.0 1.0 1.0 4 
4.5 5.0 4.0 1.0 1.0 1.0 4 
4.5 4.5 4.0 1.0 1.0 1.0 4 
4.5 5.5 4.0 1.0 1.0 1.0 4 
4.5 6.0 4.0 1.0 1.0 1.0 4 
4.5 6.5 4.0 1.0 1.0 1.0 4 
4.5 7.0 4.0 1.0 1.0 1.0 4 
4.5 7.5 4.0 1.0 1.0 1.0 4 
4.5 7.0 4.5 1.0 1.0 1.0 4 
4.5 6.5 4.5 1.0 1.0 1.0 4 
4.5 6.0 4.5 1.0 1.0 1.0 4 
4.5 5.5 4.5 1.0 1.0 1.0 4 
4.5 5.0 4.5 1.0 1.0 1.0 4 
4.0 6.5 4.5 1.0 1.0 1.0 4 
4.0 6.5 4.0 1.0 1.0 1.0 4 
4.0 6.0 4.0 1.0 1.0 1.0 4 
4.0 5.5 4.0 1.0 1.0 1.0 4 
4.0 5.5 4.5 1.0 1.0 1.0 4 
4.0 6.0 4.5 1.0 0.14996 0.462077 4 
4.5 7.0 5.0 0.0 0.0 0.0 4 
4.5 5.0 5.0 0.0 0.0 0.0 4 
5.0 4.5 1.0 1.0 1.0 1.0 4 
5.0 5.0 1.0 1.0 1.0 1.0 4 
5.0 5.5 1.0 1.0 1.0 1.0 4 
5.0 6.0 1.0 1.0 1.0 1.0 4 
5.0 6.5 1.0 1.0 1.0 1.0 4 
5.0 7.0 1.0 1.0 1.0 1.0 4 
5.0 7.5 1.0 1.0 1.0 1.0 4 
5.0 4.5 1.5 1.0 1.0 1.0 4 
5.0 5.0 1.5 1.0 1.0 1.0 4 
5.0 5.5 1.5 1.0 1.0 1.0 4 
5.0 6.0 1.5 1.0 1.0 1.0 4 
5.0 6.5 1.5 1.0 1.0 1.0 4 
5.0 7.0 1.5 1.0 1.0 1.0 4 
5.0 7.5 1.5 1.0 1.0 1.0 4 
5.0 4.5 2.0 1.0 1.0 1.0 4 
5.0 5.0 2.0 1.0 1.0 1.0 4 
5.0 5.5 2.0 1.0 1.0 1.0 4 
5.0 6.0 2.0 1.0 1.0 1.0 4 
5.0 6.5 2.0 1.0 1.0 1.0 4 
5.0 7.0 2.0 1.0 1.0 1.0 4 
5.0 7.5 2.0 1.0 1.0 1.0 4 
5.0 4.5 2.5 1.0 1.0 1.0 4 
5.0 5.0 2.5 1.0 1.0 1.0 4 
5.0 5.5 2.5 1.0 1.0 1.0 4 
5.0 6.0 2.5 1.0 1.0 1.0 4 
5.0 6.5 2.5 1.0 1.0 1.0 4 
5.0 7.0 2.5 1.0 1.0 1.0 4 
5.0 7.5 2.5 1.0 1.0 1.0 4 
5.0 5.0 3.0 1.0 1.0 1.0 4 
5.0 4.5 3.0 1.0 1.0 1.0 4 
5.0 5.5 3.0 1.0 1.0 1.0 4 
5.0 6.0 3.0 1.0 1.0 1.0 4 
5.0 6.5 3.0 1.0 1.0 1.0 4 
5.0 7.0 3.0 1.0 1.0 1.0 4 
5.0 7.5 3.0 1.0 1.0 1.0 4 
5.0 4.5 3.5 1.0 1.0 1.0 4 
5.0 6.5 3.5 1.0 1.0 1.0 4 
5.0 5.5 3.5 1.0 1.0 1.0 4 
5.0 6.0 4.0 1.0 1.0 1.0 4 
5.0 6.5 4.0 1.0 1.0 1.0 4 
5.0 6.0 3.5 1.0 1.0 1.0 4 
5.0 7.0 4.0 1.0 1.0 1.0 4 
5.0 7.5 4.0 1.0 1.0 1.0 4 
5.0 5.0 3.5 1.0 1.0 1.0 4 
5.0 7.0 3.5 1.0 1.0 1.0 4 
5.0 7.5 3.5 1.0 1.0 1.0 4 
5.0 5.5 4.0 1.0 1.0 1.0 4 
5.0 5.0 4.0 1.0 1.0 1.0 4 
5.0 4.5 4.0 1.0 1.0 1.0 4 
5.0 4.5 4.5 1.0 1.0 1.0 4 
5.0 5.0 4.5 1.0 1.0 1.0 4 
5.0 5.5 4.5 1.0 1.0 1.0 4 
5.0 6.0 4.5 1.0 1.0 1.0 4 
5.0 6.5 4.5 1.0 1.0 1.0 4 
5.0 7.0 4.5 1.0 1.0 1.0 4 
5.0 7.5 4.5 1.0 1.0 1.0 4 
4.5 5.5 5.0 0.141263 0.141263 0.141263 4 
4.5 6.0 5.0 0.141263 0.141263 0.141263 4 
4.5 6.5 5.0 0.141263 0.141263 0.141263 4 
5.0 7.5 5.0 0.141263 0.141263 0.141263 4 
5.0 4.5 5.0 0.141263 0.141263 0.141263 4 
5.0 5.0 5.0 0.141263 0.141263 0.141263 4 
5.0 5.5 5.0 0.141263 0.141263 0.141263 4 
5.0 6.0 5.0 0.141263 0.141263 0.141263 4 
5.0 6.5 5.0 0.141263 0.141263 0.141263 4 
5.0 7.0 5.0 0.141263 0.141263 0.141263 4 
4.5 5.5 5.5 0.141263 0.141263 0.141263 4 
4.5 6.0 5.5 0.141263 0.141263 0.141263 4 
4.5 6.5 5.5 0.141263 0.141263 0.141263 4 
5.0 7.0 5.5 0.141263 0.141263 0.141263 4 
5.0 5.0 5.5 0.141263 0.141263 0.141263 4 
5.0 5.5 5.5 0.141263 0.141263 0.141263 4 
5.0 6.0 5.5 0.141263 0.141263 0.141263 4 
5.0 6.5 5.5 0.141263 0.141263 0.141263 4 
5.0 5.5 6.0 0.141263 0.141263 0.141263 4 
5.0 6.0 6.0 0.141263 0.141263 0.141263 4 
5.0 6.5 6.0 0.141263 0.141263 0.141263 4 
5.5 7.0 5.5 0.141263 0.141263 0.141263 4 
5.5 7.0 6.0 0.141263 0.141263 0.141263 4 
5.5 7.5 5.0 0.141263 0.141263 0.141263 4 
6.0 7.5 5.0 0.141263 0.141263 0.141263 4 
6.0 7.0 5.5 0.141263 0.141263 0.141263 4 
6.0 7.0 6.0 0.141263 0.141263 0.141263 4 
6.0 7.0 6.5 0.141263 0.141263 0.141263 4 
6.0 7.5 6.5 0.141263 0.141263 0.141263 4 
6.0 7.5 6.0 0.141263 0.141263 0.141263 4 
5.5 6.5 6.0 0.141263 0.141263 0.141263 4 
5.5 6.0 6.0 0.141263 0.141263 0.141263 4 
5.5 5.5 6.0 0.141263 0.141263 0.141263 4 
6.0 6.0 6.0 0.0 0.0 0.0 4 
5.5 5.0 6.0 0.141263 0.141263 0.141263 4 
6.0 6.5 6.0 0.141263 0.141263 0.141263 4 
6.0 5.5 6.0 0.141263 0.141263 0.141263 4 
6.0 5.0 6.0 0.141263 0.141263 0.141263 4 
6.0 5.0 6.5 0.141263 0.141263 0.141263 4 
6.0 4.5 6.0 0.141263 0.141263 0.141263 4 
6.0 4.5 6.5 0.141263 0.141263 0.141263 4 
6.0 5.0 5.5 0.141263 0.141263 0.141263 4 
5.5 4.5 5.0 0.141263 0.141263 0.141263 4 
6.0 4.5 5.0 0.141263 0.141263 0.141263 4 
5.5 5.0 5.5 0.141263 0.141263 0.141263 4 
5.5 4.5 0.5 1.0 1.0 1.0 4 
6.0 4.5 0.5 1.0 1.0 1.0 4 
6.5 4.5 0.5 1.0 1.0 1.0 4 
6.5 6.5 0.0 1.0 1.0 1.0 4 
5.5 4.5 1.0 1.0 1.0 1.0 4 
6.0 4.5 1.0 1.0 1.0 1.0 4 
6.5 4.5 1.0 1.0 1.0 1.0 4 
6.5 7.0 0.0 1.0 1.0 1.0 4 
5.0 4.0 1.5 1.0 1.0 1.0 4 
5.5 4.0 1.0 1.0 1.0 1.0 4 
6.0 4.0 1.0 1.0 1.0 1.0 4 
6.5 4.0 1.0 1.0 1.0 1.0 4 
6.5 4.0 0.5 1.0 1.0 1.0 4 
5.5 4.5 2.5 1.0 1.0 1.0 4 
6.0 4.0 0.5 1.0 1.0 1.0 4 
5.5 4.5 3.0 1.0 1.0 1.0 4 
5.5 4.5 3.5 1.0 1.0 1.0 4 
5.5 4.5 4.0 1.0 1.0 1.0 4 
5.5 4.5 4.5 1.0 1.0 1.0 4 
5.5 7.5 2.5 1.0 1.0 1.0 4 
5.5 7.5 2.0 1.0 1.0 1.0 4 
5.5 7.5 1.5 1.0 1.0 1.0 4 
5.5 7.5 1.0 1.0 1.0 1.0 4 
5.5 7.5 0.5 1.0 1.0 1.0 4 
5.0 8.0 1.0 1.0 1.0 1.0 4 
5.5 8.0 0.5 1.0 1.0 1.0 4 
6.0 8.0 0.5 1.0 1.0 1.0 4 
6.5 8.0 0.5 1.0 1.0 1.0 4 
5.0 8.0 1.5 1.0 1.0 1.0 4 
5.5 8.0 2.0 1.0 1.0 1.0 4 
6.0 7.5 2.5 1.0 1.0 1.0 4 
6.0 8.0 2.5 1.0 1.0 1.0 4 
6.5 8.0 2.5 1.0 1.0 1.0 4 
6.5 8.0 1.0 1.0 1.0 1.0 4 
6.5 8.0 1.5 1.0 1.0 1.0 4 
6.5 8.0 2.0 1.0 1.0 1.0 4 
5.5 8.0 1.0 1.0 1.0 1.0 4 
5.5 8.0 1.5 1.0 1.0 1.0 4 
6.0 8.0 1.0 1.0 1.0 1.0 4 
6.0 8.0 1.5 1.0 1.0 1.0 4 
6.5 4.0 1.5 1.0 1.0 1.0 4 
6.0 8.0 2.0 1.0 1.0 1.0 4 
6.5 4.0 2.0 1.0 1.0 1.0 4 
6.5 4.0 2.5 1.0 1.0 1.0 4 
5.5 4.0 1.5 1.0 1.0 1.0 4 
5.5 4.0 0.5 1.0 1.0 1.0 4 
5.0 4.0 1.0 1.0 1.0 1.0 4 
5.5 4.0 2.0 1.0 1.0 1.0 4 
6.0 4.0 1.5 1.0 1.0 1.0 4 
6.0 4.0 2.0 1.0 1.0 1.0 4 
5.0 4.0 4.5 1.0 1.0 1.0 4 
6.0 4.0 2.5 1.0 1.0 1.0 4 
5.0 4.0 4.0 1.0 1.0 1.0 4 
5.5 4.0 4.5 1.0 1.0 1.0 4 
5.5 4.0 4.0 1.0 1.0 1.0 4 
6.0 4.0 4.0 1.0 1.0 1.0 4 
5.5 4.0 3.5 1.0 1.0 1.0 4 
6.0 4.0 3.5 1.0 1.0 1.0 4 
5.0 8.0 4.5 1.0 1.0 1.0 4 
5.0 8.0 4.0 1.0 1.0 1.0 4 
5.5 8.0 4.0 1.0 1.0 1.0 4 
5.5 8.0 3.5 1.0 1.0 1.0 4 
6.0 8.0 4.0 1.0 1.0 1.0 4 
6.0 8.0 3.5 1.0 1.0 1.0 4 
5.5 8.0 4.5 1.0 1.0 1.0 4 
7.0 7.0 0.0 1.0 1.0 1.0 4 
7.5 6.5 0.0 1.0 1.0 1.0 4 
7.0 5.0 0.0 1.0 1.0 1.0 4 
7.5 5.5 0.0 1.0 1.0 1.0 4 
8.0 6.0 0.0 0.141263 0.141263 0.141263 4 
8.5 6.0 0.0 0.141263 0.141263 0.141263 4 
8.0 6.0 0.5 0.141263 0.141263 0.141263 4 
8.0 6.5 0.5 0.141263 0.141263 0.141263 4 
8.0 5.5 0.5 0.141263 0.141263 0.141263 4 
8.0 5.5 1.0 0.141263 0.141263 0.141263 4 
8.0 6.0 1.0 0.141263 0.141263 0.141263 4 
8.0 6.5 1.0 0.141263 0.141263 0.141263 4 
8.0 5.0 1.0 0.141263 0.141263 0.141263 4 
8.0 7.0 1.0 0.141263 0.141263 0.141263 4 
8.0 5.0 1.5 0.141263 0.141263 0.141263 4 
8.0 5.5 1.5 0.141263 0.141263 0.141263 4 
8.0 6.0 1.5 0.141263 0.141263 0.141263 4 
8.0 6.5 1.5 0.141263 0.141263 0.141263 4 
8.0 7.0 1.5 0.141263 0.141263 0.141263 4 
8.0 7.0 2.0 0.141263 0.141263 0.141263 4 
8.0 6.5 2.0 0.141263 0.141263 0.141263 4 
8.0 6.0 2.0 0.141263 0.141263 0.141263 4 
8.0 5.5 2.0 0.141263 0.141263 0.141263 4 
8.0 5.0 2.0 0.141263 0.141263 0.141263 4 
8.0 7.0 2.5 0.141263 0.141263 0.141263 4 
8.0 6.5 3.0 0.141263 0.141263 0.141263 4 
8.0 6.5 2.5 0.141263 0.141263 0.141263 4 
8.0 6.0 2.5 0.141263 0.141263 0.141263 4 
8.0 5.5 2.5 0.141263 0.141263 0.141263 4 
8.0 5.0 2.5 0.141263 0.141263 0.141263 4 
8.0 6.0 3.0 0.141263 0.141263 0.141263 4 
8.0 5.5 3.0 0.141263 0.141263 0.141263 4 
8.0 6.0 3.5 0.141263 0.141263 0.141263 4 
7.5 7.0 1.0 0.141263 0.141263 0.141263 4 
7.5 7.5 1.0 0.141263 0.141263 0.141263 4 
7.5 7.5 1.5 0.141263 0.141263 0.141263 4 
7.5 7.5 2.0 0.141263 0.141263 0.141263 4 
7.5 7.5 2.5 0.141263 0.141263 0.141263 4 
7.5 7.0 2.5 0.141263 0.141263 0.141263 4 
7.5 7.0 3.0 0.141263 0.141263 0.141263 4 
7.5 7.0 0.5 0.141263 0.141263 0.141263 4 
7.5 6.5 3.0 0.141263 0.141263 0.141263 4 
7.5 6.5 3.5 0.141263 0.141263 0.141263 4 
7.5 5.5 0.5 0.141263 0.141263 0.141263 4 
7.5 5.0 0.5 0.141263 0.141263 0.141263 4 
7.5 5.0 1.0 0.141263 0.141263 0.141263 4 
7.5 4.5 1.0 0.141263 0.141263 0.141263 4 
7.5 4.5 1.5 0.141263 0.141263 0.141263 4 
7.5 4.5 2.0 0.141263 0.141263 0.141263 4 
7.5 4.5 2.5 0.141263 0.141263 0.141263 4 
7.0 5.0 0.5 0.141263 0.141263 0.141263 4 
7.5 5.5 3.0 0.141263 0.141263 0.141263 4 
7.5 5.0 3.0 0.141263 0.141263 0.141263 4 
7.5 5.5 3.5 0.141263 0.141263 0.141263 4 
7.0 4.5 0.5 0.141263 0.141263 0.141263 4 
7.0 4.5 1.0 0.141263 0.141263 0.141263 4 
7.0 4.0 1.0 0.141263 0.141263 0.141263 4 
7.0 4.0 1.5 0.141263 0.141263 0.141263 4 
7.0 4.0 2.0 0.141263 0.141263 0.141263 4 
7.0 4.5 2.5 0.141263 0.141263 0.141263 4 
7.0 4.5 3.0 0.141263 0.141263 0.141263 4 
6.5 4.5 3.0 0.141263 0.141263 0.141263 4 
7.0 7.0 0.5 0.141263 0.141263 0.141263 4 
7.0 7.5 0.5 0.141263 0.141263 0.141263 4 
7.0 7.5 1.0 0.141263 0.141263 0.141263 4 
7.0 8.0 1.0 0.141263 0.141263 0.141263 4 
7.0 8.0 1.5 0.141263 0.141263 0.141263 4 
7.0 8.0 2.0 0.141263 0.141263 0.141263 4 
7.0 7.5 2.5 0.141263 0.141263 0.141263 4 
7.0 7.5 3.0 0.141263 0.141263 0.141263 4 
6.5 7.5 3.0 0.141263 0.141263 0.141263 4 
6.5 7.5 3.5 0.141263 0.141263 0.141263 4 
6.5 7.5 4.0 0.141263 0.141263 0.141263 4 
6.5 7.5 4.5 0.141263 0.141263 0.141263 4 
6.0 7.5 4.5 0.141263 0.141263 0.141263 4 
6.5 4.5 3.5 0.141263 0.141263 0.141263 4 
6.5 4.5 4.0 0.141263 0.141263 0.141263 4 
6.0 4.5 4.5 0.141263 0.141263 0.141263 4 
6.5 4.5 4.5 0.141263 0.141263 0.141263 4 
5.5 5.5 5.5 0.141263 0.141263 0.141263 4 
6.0 5.5 5.5 0.141263 0.141263 0.141263 4 
6.5 5.5 5.5 0.141263 0.141263 0.141263 4 
5.5 6.5 5.5 0.141263 0.141263 0.141263 4 
6.0 6.5 5.5 0.141263 0.141263 0.141263 4 
6.5 6.5 5.5 0.141263 0.141263 0.141263 4 
5.5 7.0 5.0 0.141263 0.141263 0.141263 4 
6.0 7.0 5.0 0.141263 0.141263 0.141263 4 
6.5 7.0 5.0 0.141263 0.141263 0.141263 4 
5.5 5.0 5.0 0.141263 0.141263 0.141263 4 
6.0 5.0 5.0 0.141263 0.141263 0.141263 4 
6.5 5.0 5.0 0.141263 0.141263 0.141263 4 
7.5 6.0 4.0 0.141263 0.141263 0.141263 4 
7.0 6.5 3.5 0.141263 0.141263 0.141263 4 
7.0 6.5 4.0 0.141263 0.141263 0.141263 4 
7.0 6.5 4.5 0.141263 0.141263 0.141263 4 
7.0 7.0 3.5 0.141263 0.141263 0.141263 4 
7.0 7.0 4.0 0.141263 0.141263 0.141263 4 
6.5 7.0 4.5 0.141263 0.141263 0.141263 4 
6.5 6.5 5.0 0.141263 0.141263 0.141263 4 
6.5 5.5 5.0 0.141263 0.141263 0.141263 4 
6.5 5.0 4.5 0.141263 0.141263 0.141263 4 
7.0 6.0 4.0 0.141263 0.141263 0.141263 4 
7.0 5.5 4.5 0.141263 0.141263 0.141263 4 
7.0 5.5 4.0 0.141263 0.141263 0.141263 4 
7.0 6.0 3.5 0.141263 0.141263 0.141263 4 
7.0 5.5 3.5 0.141263 0.141263 0.141263 4 
7.0 5.0 3.5 0.141263 0.141263 0.141263 4 
7.0 5.0 4.0 0.141263 0.141263 0.141263 4 
6.5 6.0 5.5 0.0 0.0 0.0 4 
7.0 6.0 5.0 0.0 0.0 0.0 4 
7.5 6.0 4.5 0.0 0.0 0.0 4 
6.0 7.5 3.0 1.0 1.0 1.0 4 
6.0 4.5 3.0 1.0 1.0 1.0 4 
