3.75 4.0 4.0 1.0 1.0 1.0 5 
4.0 4.0 4.0 0.08022 0.08022 0.08022 5 
3.75 4.25 4.0 1.0 1.0 1.0 5 
3.75 4.5 4.0 1.0 1.0 1.0 5 
3.75 4.75 4.0 1.0 1.0 1.0 5 
3.75 5.0 4.0 1.0 1.0 1.0 5 
3.75 5.75 4.0 1.0 1.0 1.0 5 
3.75 6.0 4.0 1.0 1.0 1.0 5 
3.75 6.75 4.0 1.0 1.0 1.0 5 
3.75 7.0 4.0 1.0 1.0 1.0 5 
3.75 7.25 4.0 1.0 1.0 1.0 5 
3.75 7.5 4.0 1.0 1.0 1.0 5 
3.75 7.75 4.0 1.0 1.0 1.0 5 
3.75 7.75 4.25 1.0 1.0 1.0 5 
3.75 7.75 4.5 1.0 1.0 1.0 5
3.75 7.75 4.75 1.0 1.0 1.0 5
3.75 4.0 4.25 1.0 1.0 1.0 5 
3.75 7.75 5.0 1.0 1.0 1.0 6 
3.75 4.0 4.5 1.0 1.0 1.0 6 
3.75 4.0 4.75 1.0 1.0 1.0 6 
3.75 4.0 5.0 1.0 1.0 1.0 6 
7.5 4.0 3.75 1.0 1.0 1.0 6 
3.75 3.75 4.0 1.0 1.0 1.0 6 
3.75 3.75 4.25 1.0 1.0 1.0 6 
3.75 3.75 4.5 1.0 1.0 1.0 6 
3.75 3.75 4.75 1.0 1.0 1.0 6 
3.75 3.75 5.0 1.0 1.0 1.0 6 
3.75 5.0 3.75 1.0 1.0 1.0 6 
3.75 4.75 3.75 1.0 1.0 1.0 6 
3.75 4.5 3.75 1.0 1.0 1.0 6 
3.75 4.25 3.75 1.0 1.0 1.0 6 
3.75 4.0 3.75 1.0 1.0 1.0 6 
3.75 3.75 3.75 1.0 1.0 1.0 6 
3.75 5.75 3.75 1.0 1.0 1.0 6 
3.75 6.0 3.75 1.0 1.0 1.0 6 
3.75 6.75 3.75 1.0 1.0 1.0 6 
3.75 7.0 3.75 1.0 1.0 1.0 6 
3.75 7.25 3.75 1.0 1.0 1.0 6 
3.75 7.75 3.75 1.0 1.0 1.0 6 
3.75 7.5 3.75 1.0 1.0 1.0 6 
3.75 8.0 5.0 1.0 1.0 1.0 6 
3.75 8.0 4.75 1.0 1.0 1.0 6 
3.75 8.0 4.5 1.0 1.0 1.0 6 
3.75 8.0 4.25 1.0 1.0 1.0 6 
3.75 8.0 4.0 1.0 1.0 1.0 6 
3.75 8.0 3.75 1.0 1.0 1.0 6 
3.75 7.5 4.25 1.0 1.0 1.0 6 
3.75 7.25 4.25 1.0 1.0 1.0 6 
3.75 7.5 4.5 1.0 1.0 1.0 6 
3.75 4.5 4.25 1.0 1.0 1.0 6 
3.75 4.25 4.25 1.0 1.0 1.0 6 
3.75 4.25 4.5 1.0 1.0 1.0 6 
4.0 8.0 5.0 1.0 1.0 1.0 6 
4.0 8.0 4.75 1.0 1.0 1.0 6 
4.0 8.0 4.5 1.0 1.0 1.0 6 
4.0 8.0 4.25 1.0 1.0 1.0 6 
4.0 8.0 4.0 1.0 1.0 1.0 6 
4.0 8.0 3.75 1.0 1.0 1.0 6 
4.25 8.0 3.75 1.0 1.0 1.0 6 
4.25 8.0 4.0 1.0 1.0 1.0 6 
4.5 8.0 4.0 1.0 1.0 1.0 6 
4.75 8.0 4.0 1.0 1.0 1.0 6 
4.5 8.0 3.75 1.0 1.0 1.0 6 
4.75 8.0 3.75 1.0 1.0 1.0 6 
4.25 8.0 4.25 1.0 1.0 1.0 6 
4.25 8.0 4.5 1.0 1.0 1.0 6 
4.5 8.0 4.25 1.0 1.0 1.0 6 
5.0 8.0 4.0 1.0 1.0 1.0 6 
5.0 8.0 3.75 1.0 1.0 1.0 6 
5.75 8.0 4.0 1.0 1.0 1.0 6 
6.0 8.0 3.75 1.0 1.0 1.0 6 
6.0 8.0 4.0 1.0 1.0 1.0 6 
5.75 8.0 3.75 1.0 1.0 1.0 6 
6.75 8.0 4.0 1.0 1.0 1.0 6 
6.75 8.0 3.75 1.0 1.0 1.0 6 
7.0 8.0 4.0 1.0 1.0 1.0 6 
7.0 8.0 3.75 1.0 1.0 1.0 6 
7.25 8.0 4.0 1.0 1.0 1.0 6 
7.25 8.0 3.75 1.0 1.0 1.0 6 
7.5 8.0 4.0 1.0 1.0 1.0 6 
7.5 8.0 3.75 1.0 1.0 1.0 6 
7.75 8.0 4.0 1.0 1.0 1.0 6 
7.75 8.0 3.75 1.0 1.0 1.0 6 
8.0 7.75 4.0 1.0 1.0 1.0 6 
8.0 7.5 4.0 1.0 1.0 1.0 6 
8.0 7.25 4.0 1.0 1.0 1.0 6 
8.0 7.0 4.0 1.0 1.0 1.0 6 
8.0 6.75 4.0 1.0 1.0 1.0 6 
8.0 8.0 4.0 1.0 1.0 1.0 6 
8.0 8.0 3.75 1.0 1.0 1.0 6 
8.0 6.75 3.75 1.0 1.0 1.0 6 
8.0 7.0 3.75 1.0 1.0 1.0 6 
8.0 7.25 3.75 1.0 1.0 1.0 6 
8.0 7.5 3.75 1.0 1.0 1.0 6 
8.0 7.75 3.75 1.0 1.0 1.0 6 
8.0 7.75 4.25 1.0 1.0 1.0 6 
8.0 7.75 4.5 1.0 1.0 1.0 6 
8.0 7.75 4.75 1.0 1.0 1.0 6 
7.75 8.0 4.75 1.0 1.0 1.0 6 
7.75 8.0 4.5 1.0 1.0 1.0 6 
7.75 8.0 4.25 1.0 1.0 1.0 6 
8.0 8.0 4.25 1.0 1.0 1.0 6 
8.0 8.0 4.5 1.0 1.0 1.0 6 
8.0 8.0 4.75 1.0 1.0 1.0 6 
7.75 8.0 5.0 1.0 1.0 1.0 6 
8.0 8.0 5.0 1.0 1.0 1.0 6 
8.0 7.75 5.0 1.0 1.0 1.0 6 
8.0 6.0 4.0 1.0 1.0 1.0 6 
8.0 5.75 4.0 1.0 1.0 1.0 6 
8.0 6.0 3.75 1.0 1.0 1.0 6 
8.0 5.75 3.75 1.0 1.0 1.0 6 
8.0 5.0 4.0 1.0 1.0 1.0 6 
8.0 5.0 3.75 1.0 1.0 1.0 6 
8.0 4.75 4.0 1.0 1.0 1.0 6 
8.0 4.75 3.75 1.0 1.0 1.0 6 
8.0 4.5 4.0 1.0 1.0 1.0 6 
8.0 4.5 3.75 1.0 1.0 1.0 6 
8.0 4.25 4.0 1.0 1.0 1.0 6 
8.0 4.25 3.75 1.0 1.0 1.0 6 
8.0 4.0 4.0 1.0 1.0 1.0 6 
8.0 4.0 3.75 1.0 1.0 1.0 6 
8.0 3.75 4.0 1.0 1.0 1.0 6 
8.0 3.75 3.75 1.0 1.0 1.0 6 
7.75 3.75 4.0 1.0 1.0 1.0 5 
7.75 3.75 3.75 1.0 1.0 1.0 5 
7.5 3.75 4.0 1.0 1.0 1.0 5 
7.5 3.75 3.75 1.0 1.0 1.0 6 
7.25 3.75 4.0 1.0 1.0 1.0 6 
7.25 3.75 3.75 1.0 1.0 1.0 6 
7.0 3.75 4.0 1.0 1.0 1.0 6 
4.0 3.75 5.0 1.0 1.0 1.0 6 
7.0 3.75 3.75 1.0 1.0 1.0 6 
4.0 3.75 4.75 1.0 1.0 1.0 6 
4.0 3.75 4.5 1.0 1.0 1.0 6 
4.0 3.75 4.25 1.0 1.0 1.0 6 
4.0 3.75 4.0 1.0 1.0 1.0 6 
4.0 3.75 3.75 1.0 1.0 1.0 6 
4.25 3.75 3.75 1.0 1.0 1.0 6 
4.5 3.75 3.75 1.0 1.0 1.0 6 
4.75 3.75 3.75 1.0 1.0 1.0 6 
4.25 3.75 4.0 1.0 1.0 1.0 6 
4.5 3.75 4.0 1.0 1.0 1.0 6 
4.75 3.75 4.0 1.0 1.0 1.0 6 
5.0 3.75 4.0 1.0 1.0 1.0 6 
5.0 3.75 3.75 1.0 1.0 1.0 6 
5.75 3.75 3.75 1.0 1.0 1.0 6 
6.0 3.75 3.75 1.0 1.0 1.0 6 
6.0 3.75 4.0 1.0 1.0 1.0 6 
5.75 3.75 4.0 1.0 1.0 1.0 6 
6.75 3.75 4.0 1.0 1.0 1.0 6 
6.75 3.75 3.75 1.0 1.0 1.0 6 
7.75 3.75 4.25 1.0 1.0 1.0 6 
7.75 3.75 4.75 1.0 1.0 1.0 6 
7.75 3.75 4.5 1.0 1.0 1.0 6 
7.75 3.75 5.0 1.0 1.0 1.0 6 
4.25 3.75 4.25 1.0 1.0 1.0 6 
4.25 3.75 4.5 1.0 1.0 1.0 6 
4.5 3.75 4.25 1.0 1.0 1.0 6 
7.5 3.75 4.25 1.0 1.0 1.0 6 
7.5 3.75 4.5 1.0 1.0 1.0 6 
7.25 3.75 4.25 1.0 1.0 1.0 6 
8.0 3.75 4.25 1.0 1.0 1.0 6 
8.0 3.75 4.5 1.0 1.0 1.0 6 
8.0 3.75 4.75 1.0 1.0 1.0 6 
8.0 3.75 5.0 1.0 1.0 1.0 6 
8.0 4.0 5.0 1.0 1.0 1.0 6 
8.0 4.0 4.75 1.0 1.0 1.0 6 
8.0 4.0 4.5 1.0 1.0 1.0 6 
8.0 4.0 4.25 1.0 1.0 1.0 6 
8.0 4.25 4.25 1.0 1.0 1.0 6 
8.0 4.25 4.5 1.0 1.0 1.0 6 
8.0 4.5 4.25 1.0 1.0 1.0 6 
8.0 7.5 4.5 1.0 1.0 1.0 6 
8.0 7.5 4.25 1.0 1.0 1.0 6 
8.0 7.25 4.25 1.0 1.0 1.0 6 
7.5 8.0 4.25 1.0 1.0 1.0 6 
7.5 8.0 4.5 1.0 1.0 1.0 6 
7.25 8.0 4.25 1.0 1.0 1.0 6 
4.0 8.0 7.75 1.0 1.0 1.0 6 
4.25 8.0 7.75 1.0 1.0 1.0 6 
4.5 8.0 7.75 1.0 1.0 1.0 6 
4.75 8.0 7.75 1.0 1.0 1.0 6 
5.0 8.0 7.75 1.0 1.0 1.0 6 
7.75 8.0 7.75 1.0 1.0 1.0 6 
7.5 8.0 7.75 1.0 1.0 1.0 6 
6.75 8.0 7.75 1.0 1.0 1.0 6 
7.0 8.0 7.75 1.0 1.0 1.0 6 
7.25 8.0 7.75 1.0 1.0 1.0 6 
6.0 8.0 7.75 1.0 1.0 1.0 6 
5.75 8.0 7.75 1.0 1.0 1.0 6 
8.0 8.0 7.75 1.0 1.0 1.0 6 
8.0 7.75 7.75 1.0 1.0 1.0 6 
8.0 7.5 7.75 1.0 1.0 1.0 6 
8.0 7.25 7.75 1.0 1.0 1.0 6 
8.0 7.0 7.75 1.0 1.0 1.0 6 
8.0 4.0 7.75 1.0 1.0 1.0 6 
8.0 4.25 7.75 1.0 1.0 1.0 6 
8.0 4.5 7.75 1.0 1.0 1.0 6 
8.0 4.75 7.75 1.0 1.0 1.0 6 
8.0 5.0 7.75 1.0 1.0 1.0 6 
8.0 5.75 7.75 1.0 1.0 1.0 6 
8.0 6.0 7.75 1.0 1.0 1.0 6 
8.0 6.75 7.75 1.0 1.0 1.0 6 
8.0 3.75 7.75 1.0 1.0 1.0 6 
7.75 3.75 7.75 1.0 1.0 1.0 6 
7.5 3.75 7.75 1.0 1.0 1.0 6 
7.25 3.75 7.75 1.0 1.0 1.0 6 
7.0 3.75 7.75 1.0 1.0 1.0 6 
6.75 3.75 7.75 1.0 1.0 1.0 6 
6.0 3.75 7.75 1.0 1.0 1.0 6 
5.75 3.75 7.75 1.0 1.0 1.0 6 
5.0 3.75 7.75 1.0 1.0 1.0 6 
4.75 3.75 7.75 1.0 1.0 1.0 6 
4.5 3.75 7.75 1.0 1.0 1.0 6 
4.25 3.75 7.75 1.0 1.0 1.0 6 
4.0 3.75 7.75 1.0 1.0 1.0 6 
3.75 3.75 7.75 1.0 1.0 1.0 6 
3.75 4.0 7.75 1.0 1.0 1.0 6 
3.75 4.5 7.75 1.0 1.0 1.0 6 
3.75 4.25 7.75 1.0 1.0 1.0 6 
3.75 4.75 7.75 1.0 1.0 1.0 6 
3.75 5.0 7.75 1.0 1.0 1.0 6 
3.75 5.75 7.75 1.0 1.0 1.0 6 
3.75 6.0 7.75 1.0 1.0 1.0 6 
3.75 8.0 7.75 1.0 1.0 1.0 6 
3.75 7.75 7.75 1.0 1.0 1.0 6 
3.75 7.5 7.75 1.0 1.0 1.0 6 
3.75 7.25 7.75 1.0 1.0 1.0 6 
3.75 7.0 7.75 1.0 1.0 1.0 6 
3.75 6.75 7.75 1.0 1.0 1.0 6 
3.75 7.75 7.5 1.0 1.0 1.0 6 
3.75 7.75 7.25 1.0 1.0 1.0 6 
3.75 7.75 7.0 1.0 1.0 1.0 6 
3.75 7.75 6.75 1.0 1.0 1.0 6 
3.75 7.75 6.0 1.0 1.0 1.0 6 
3.75 7.75 5.75 1.0 1.0 1.0 6 
3.75 7.25 7.5 1.0 1.0 1.0 6 
3.75 7.5 7.5 1.0 1.0 1.0 6 
3.75 7.5 7.25 1.0 1.0 1.0 6 
3.75 4.0 7.5 1.0 1.0 1.0 6 
3.75 4.0 7.25 1.0 1.0 1.0 6 
3.75 4.0 7.0 1.0 1.0 1.0 6 
3.75 4.25 7.5 1.0 1.0 1.0 6 
3.75 4.0 6.75 1.0 1.0 1.0 6 
3.75 4.5 7.5 1.0 1.0 1.0 6 
3.75 4.25 7.25 1.0 1.0 1.0 6 
3.75 3.75 7.5 1.0 1.0 1.0 6 
3.75 3.75 7.25 1.0 1.0 1.0 6 
3.75 3.75 7.0 1.0 1.0 1.0 6 
3.75 3.75 6.75 1.0 1.0 1.0 6 
4.0 3.75 7.5 1.0 1.0 1.0 6 
4.25 3.75 7.5 1.0 1.0 1.0 6 
4.0 3.75 7.25 1.0 1.0 1.0 6 
7.75 3.75 7.5 1.0 1.0 1.0 6 
7.5 3.75 7.5 1.0 1.0 1.0 6 
7.75 3.75 7.25 1.0 1.0 1.0 6 
7.75 3.75 7.0 1.0 1.0 1.0 6 
7.75 3.75 6.75 1.0 1.0 1.0 6 
4.0 3.75 7.0 1.0 1.0 1.0 6 
4.0 3.75 6.75 1.0 1.0 1.0 6 
4.0 3.75 5.75 1.0 1.0 1.0 6 
4.0 3.75 6.0 1.0 1.0 1.0 6 
8.0 4.0 7.5 1.0 1.0 1.0 6 
4.5 3.75 7.5 1.0 1.0 1.0 6 
7.75 3.75 5.75 1.0 1.0 1.0 6 
7.75 3.75 6.0 1.0 1.0 1.0 6 
7.5 3.75 7.25 1.0 1.0 1.0 6 
7.25 3.75 7.5 1.0 1.0 1.0 6 
8.0 3.75 7.5 1.0 1.0 1.0 6 
8.0 3.75 7.25 1.0 1.0 1.0 6 
8.0 3.75 7.0 1.0 1.0 1.0 6 
8.0 3.75 6.75 1.0 1.0 1.0 6 
8.0 4.0 6.0 1.0 1.0 1.0 6 
8.0 4.0 5.75 1.0 1.0 1.0 6 
8.0 3.75 6.0 1.0 1.0 1.0 6 
8.0 3.75 5.75 1.0 1.0 1.0 6 
8.0 4.0 7.25 1.0 1.0 1.0 6 
8.0 4.0 7.0 1.0 1.0 1.0 6 
8.0 4.0 6.75 1.0 1.0 1.0 6 
8.0 5.0 8.0 1.0 1.0 1.0 6 
8.0 4.75 8.0 1.0 1.0 1.0 6 
8.0 4.5 8.0 1.0 1.0 1.0 6 
8.0 4.25 8.0 1.0 1.0 1.0 6 
8.0 4.0 8.0 1.0 1.0 1.0 6 
8.0 3.75 8.0 1.0 1.0 1.0 6 
8.0 4.25 7.5 1.0 1.0 1.0 6 
8.0 4.5 7.5 1.0 1.0 1.0 6 
8.0 4.25 7.25 1.0 1.0 1.0 6 
7.75 3.75 8.0 1.0 1.0 1.0 6 
7.5 3.75 8.0 1.0 1.0 1.0 6 
7.25 3.75 8.0 1.0 1.0 1.0 6 
7.0 3.75 8.0 1.0 1.0 1.0 6 
6.75 3.75 8.0 1.0 1.0 1.0 6 
6.0 3.75 8.0 1.0 1.0 1.0 6 
5.75 3.75 8.0 1.0 1.0 1.0 6 
5.0 3.75 8.0 1.0 1.0 1.0 6 
4.75 4.0 8.0 1.0 1.0 1.0 6 
4.75 3.75 8.0 1.0 1.0 1.0 6 
4.5 3.75 8.0 1.0 1.0 1.0 6 
4.25 3.75 8.0 1.0 1.0 1.0 6 
4.0 3.75 8.0 1.0 1.0 1.0 6 
3.75 3.75 8.0 1.0 1.0 1.0 6 
3.75 4.0 8.0 1.0 1.0 1.0 6 
3.75 4.25 8.0 1.0 1.0 1.0 6 
3.75 4.5 8.0 1.0 1.0 1.0 6 
3.75 4.75 8.0 1.0 1.0 1.0 6 
3.75 5.0 8.0 1.0 1.0 1.0 6 
4.0 5.75 8.0 1.0 1.0 1.0 6 
4.0 6.0 8.0 1.0 1.0 1.0 6 
3.75 5.75 8.0 1.0 1.0 1.0 6 
3.75 6.0 8.0 1.0 1.0 1.0 6 
3.75 8.0 7.5 1.0 1.0 1.0 6 
4.0 8.0 7.25 1.0 1.0 1.0 6 
3.75 8.0 7.25 1.0 1.0 1.0 6 
3.75 8.0 7.0 1.0 1.0 1.0 6 
3.75 8.0 6.75 1.0 1.0 1.0 6 
4.0 8.0 7.5 1.0 1.0 1.0 6 
4.0 8.0 7.0 1.0 1.0 1.0 6 
4.0 8.0 6.75 1.0 1.0 1.0 6 
4.25 8.0 7.5 1.0 1.0 1.0 6 
4.5 8.0 7.5 1.0 1.0 1.0 6 
4.25 8.0 7.25 1.0 1.0 1.0 6 
3.75 6.75 8.0 1.0 1.0 1.0 6 
4.0 6.75 8.0 1.0 1.0 1.0 6 
4.0 7.0 8.0 1.0 1.0 1.0 6 
4.0 7.25 8.0 1.0 1.0 1.0 6 
3.75 7.25 8.0 1.0 1.0 1.0 6 
3.75 7.5 8.0 1.0 1.0 1.0 6 
3.75 7.75 8.0 1.0 1.0 1.0 6 
3.75 8.0 8.0 1.0 1.0 1.0 6 
4.0 7.5 8.0 1.0 1.0 1.0 6 
4.0 7.75 8.0 1.0 1.0 1.0 6 
4.0 8.0 8.0 1.0 1.0 1.0 6 
4.25 7.5 8.0 1.0 1.0 1.0 6 
4.25 7.75 8.0 1.0 1.0 1.0 6 
4.25 8.0 8.0 1.0 1.0 1.0 6 
4.5 8.0 8.0 1.0 1.0 1.0 6 
5.0 8.0 8.0 1.0 1.0 1.0 6 
4.75 8.0 8.0 1.0 1.0 1.0 6 
4.5 7.75 8.0 1.0 1.0 1.0 6 
4.75 7.75 8.0 1.0 1.0 1.0 6 
5.0 7.75 8.0 1.0 1.0 1.0 6 
3.75 7.0 8.0 1.0 1.0 1.0 6 
4.5 7.5 8.0 1.0 1.0 1.0 6 
4.25 7.25 8.0 1.0 1.0 1.0 6 
5.0 4.0 8.0 1.0 1.0 1.0 6 
4.5 4.0 8.0 1.0 1.0 1.0 6 
4.25 4.0 8.0 1.0 1.0 1.0 6 
4.0 4.0 8.0 1.0 1.0 1.0 6 
4.0 4.25 8.0 1.0 1.0 1.0 6 
4.5 4.25 8.0 1.0 1.0 1.0 6 
4.0 4.5 8.0 1.0 1.0 1.0 6 
4.0 4.75 8.0 1.0 1.0 1.0 6 
4.0 5.0 8.0 1.0 1.0 1.0 6 
4.25 4.25 8.0 1.0 1.0 1.0 6 
4.25 4.5 8.0 1.0 1.0 1.0 6 
5.75 8.0 8.0 1.0 1.0 1.0 6 
5.75 7.75 8.0 1.0 1.0 1.0 6 
6.0 7.75 8.0 1.0 1.0 1.0 6 
6.0 8.0 8.0 1.0 1.0 1.0 6 
6.75 7.75 8.0 1.0 1.0 1.0 6 
6.75 8.0 8.0 1.0 1.0 1.0 6 
7.0 7.75 8.0 1.0 1.0 1.0 6 
7.25 7.75 8.0 1.0 1.0 1.0 6 
7.5 7.75 8.0 1.0 1.0 1.0 6 
7.75 7.75 8.0 1.0 1.0 1.0 6 
8.0 7.75 8.0 1.0 1.0 1.0 6 
7.0 8.0 8.0 1.0 1.0 1.0 6 
7.5 8.0 8.0 1.0 1.0 1.0 6 
7.25 8.0 8.0 1.0 1.0 1.0 6 
7.75 8.0 8.0 1.0 1.0 1.0 6 
8.0 8.0 8.0 1.0 1.0 1.0 6 
7.75 7.5 8.0 1.0 1.0 1.0 6 
7.75 7.25 8.0 1.0 1.0 1.0 6 
7.75 7.0 8.0 1.0 1.0 1.0 6 
7.75 6.75 8.0 1.0 1.0 1.0 6 
8.0 7.5 8.0 1.0 1.0 1.0 6 
8.0 7.25 8.0 1.0 1.0 1.0 6 
8.0 7.0 8.0 1.0 1.0 1.0 6 
8.0 6.75 8.0 1.0 1.0 1.0 6 
7.25 7.5 8.0 1.0 1.0 1.0 6 
7.5 7.5 8.0 1.0 1.0 1.0 6 
7.5 7.25 8.0 1.0 1.0 1.0 6 
7.75 6.0 8.0 1.0 1.0 1.0 6 
7.75 5.75 8.0 1.0 1.0 1.0 6 
8.0 6.0 8.0 1.0 1.0 1.0 6 
8.0 5.75 8.0 1.0 1.0 1.0 6 
7.75 5.0 8.0 1.0 1.0 1.0 6 
7.75 4.75 8.0 1.0 1.0 1.0 6 
7.75 4.5 8.0 1.0 1.0 1.0 6 
7.75 4.25 8.0 1.0 1.0 1.0 6 
7.75 4.0 8.0 1.0 1.0 1.0 6 
6.75 4.0 8.0 1.0 1.0 1.0 6 
7.25 4.0 8.0 1.0 1.0 1.0 6 
7.0 4.0 8.0 1.0 1.0 1.0 6 
7.5 4.0 8.0 1.0 1.0 1.0 6 
7.25 4.25 8.0 1.0 1.0 1.0 6 
7.5 4.25 8.0 1.0 1.0 1.0 6 
7.5 4.5 8.0 1.0 1.0 1.0 6 
5.75 4.0 8.0 1.0 1.0 1.0 6 
6.0 4.0 8.0 1.0 1.0 1.0 6 
3.75 8.0 6.0 1.0 1.0 1.0 6 
4.0 8.0 6.0 1.0 1.0 1.0 6 
3.75 8.0 5.75 1.0 1.0 1.0 6 
4.0 8.0 5.75 1.0 1.0 1.0 6 
8.0 7.75 7.5 1.0 1.0 1.0 6 
8.0 7.75 7.25 1.0 1.0 1.0 6 
8.0 7.75 7.0 1.0 1.0 1.0 6 
8.0 7.75 6.75 1.0 1.0 1.0 6 
7.75 8.0 7.5 1.0 1.0 1.0 6 
7.75 8.0 7.25 1.0 1.0 1.0 6 
7.75 8.0 7.0 1.0 1.0 1.0 6 
7.75 8.0 6.75 1.0 1.0 1.0 6 
8.0 8.0 7.5 1.0 1.0 1.0 6 
8.0 8.0 7.25 1.0 1.0 1.0 6 
8.0 8.0 7.0 1.0 1.0 1.0 6 
8.0 8.0 6.75 1.0 1.0 1.0 6 
8.0 7.75 5.75 1.0 1.0 1.0 6 
8.0 7.75 6.0 1.0 1.0 1.0 6 
8.0 8.0 6.0 1.0 1.0 1.0 6 
7.75 8.0 5.75 1.0 1.0 1.0 6 
8.0 8.0 5.75 1.0 1.0 1.0 6 
7.75 8.0 6.0 1.0 1.0 1.0 6 
7.5 8.0 7.5 1.0 1.0 1.0 6 
7.25 8.0 7.5 1.0 1.0 1.0 6 
7.5 8.0 7.25 1.0 1.0 1.0 6 
8.0 7.5 7.5 1.0 1.0 1.0 6 
8.0 7.25 7.5 1.0 1.0 1.0 6 
8.0 7.5 7.25 1.0 1.0 1.0 6 
5.5 8.0 7.0 1.0 1.0 1.0 6 
5.75 8.0 7.0 1.0 1.0 1.0 6 
6.0 8.0 7.0 1.0 1.0 1.0 6 
6.25 8.0 7.0 1.0 1.0 1.0 6 
6.5 8.0 6.75 1.0 1.0 1.0 6 
6.75 8.0 6.5 1.0 1.0 1.0 6 
6.75 8.0 6.25 1.0 1.0 1.0 6 
6.75 8.0 6.0 1.0 1.0 1.0 6 
6.75 8.0 5.75 1.0 1.0 1.0 6 
6.5 8.0 5.5 1.0 1.0 1.0 6 
6.25 8.0 5.25 1.0 1.0 1.0 6 
6.0 8.0 5.25 1.0 1.0 1.0 6 
5.75 8.0 5.25 1.0 1.0 1.0 6 
5.5 8.0 5.25 1.0 1.0 1.0 6 
5.25 8.0 5.5 1.0 1.0 1.0 6 
5.0 8.0 5.75 1.0 1.0 1.0 6 
5.0 8.0 6.0 1.0 1.0 1.0 6 
5.0 8.0 6.25 1.0 1.0 1.0 6 
5.0 8.0 6.5 1.0 1.0 1.0 6 
5.25 8.0 6.75 1.0 1.0 1.0 6 
5.75 8.0 6.75 1.0 1.0 1.0 6 
5.5 8.0 6.75 1.0 1.0 1.0 6 
6.0 8.0 6.75 1.0 1.0 1.0 6 
6.25 8.0 6.75 1.0 1.0 1.0 6 
5.75 8.0 6.5 1.0 1.0 1.0 6 
6.0 8.0 6.5 1.0 1.0 1.0 6 
5.5 8.0 5.5 1.0 1.0 1.0 6 
5.25 8.0 5.75 1.0 1.0 1.0 6 
6.25 8.0 5.5 1.0 1.0 1.0 6 
6.5 8.0 5.75 1.0 1.0 1.0 6 
8.0 6.25 7.0 1.0 1.0 1.0 6 
8.0 6.0 7.0 1.0 1.0 1.0 6 
8.0 5.75 7.0 1.0 1.0 1.0 6 
8.0 5.5 7.0 1.0 1.0 1.0 6 
8.0 6.5 6.75 1.0 1.0 1.0 6 
8.0 5.25 6.75 1.0 1.0 1.0 6 
8.0 5.0 6.5 1.0 1.0 1.0 6 
8.0 5.0 6.25 1.0 1.0 1.0 6 
8.0 5.0 6.0 1.0 1.0 1.0 6 
8.0 5.0 5.75 1.0 1.0 1.0 6 
8.0 5.25 5.5 1.0 1.0 1.0 6 
8.0 5.5 5.25 1.0 1.0 1.0 6 
8.0 5.75 5.25 1.0 1.0 1.0 6 
8.0 6.0 5.25 1.0 1.0 1.0 6 
8.0 6.25 5.25 1.0 1.0 1.0 6 
8.0 6.5 5.5 1.0 1.0 1.0 6 
8.0 6.75 5.75 1.0 1.0 1.0 6 
8.0 6.75 6.0 1.0 1.0 1.0 6 
8.0 6.75 6.25 1.0 1.0 1.0 6 
8.0 6.75 6.5 1.0 1.0 1.0 6 
8.0 6.25 6.75 1.0 1.0 1.0 6 
8.0 6.0 6.75 1.0 1.0 1.0 6 
8.0 5.75 6.75 1.0 1.0 1.0 6 
8.0 5.5 6.75 1.0 1.0 1.0 6 
8.0 6.0 6.5 1.0 1.0 1.0 6 
8.0 5.75 6.5 1.0 1.0 1.0 6 
8.0 5.5 5.5 1.0 1.0 1.0 6 
8.0 5.25 5.75 1.0 1.0 1.0 6 
8.0 6.25 5.5 1.0 1.0 1.0 6 
8.0 6.5 5.75 1.0 1.0 1.0 6 
6.25 3.75 7.0 1.0 1.0 1.0 6 
6.0 3.75 7.0 1.0 1.0 1.0 6 
5.75 3.75 7.0 1.0 1.0 1.0 6 
5.5 3.75 7.0 1.0 1.0 1.0 6 
5.25 3.75 6.75 1.0 1.0 1.0 6 
5.0 3.75 6.5 1.0 1.0 1.0 6 
5.0 3.75 6.25 1.0 1.0 1.0 6 
5.0 3.75 6.0 1.0 1.0 1.0 6 
5.0 3.75 5.75 1.0 1.0 1.0 6 
5.25 3.75 5.5 1.0 1.0 1.0 6 
5.5 3.75 5.25 1.0 1.0 1.0 6 
5.75 3.75 5.25 1.0 1.0 1.0 6 
6.0 3.75 5.25 1.0 1.0 1.0 6 
6.25 3.75 5.25 1.0 1.0 1.0 6 
6.5 3.75 5.5 1.0 1.0 1.0 6 
6.75 3.75 5.75 1.0 1.0 1.0 6 
6.75 3.75 6.0 1.0 1.0 1.0 6 
6.75 3.75 6.25 1.0 1.0 1.0 6 
6.75 3.75 6.5 1.0 1.0 1.0 6 
6.5 3.75 6.75 1.0 1.0 1.0 6 
5.5 3.75 6.75 1.0 1.0 1.0 6 
5.75 3.75 6.75 1.0 1.0 1.0 6 
6.25 3.75 6.75 1.0 1.0 1.0 6 
6.0 3.75 6.75 1.0 1.0 1.0 6 
6.0 3.75 6.5 1.0 1.0 1.0 6 
5.75 3.75 6.5 1.0 1.0 1.0 6 
5.25 3.75 5.75 1.0 1.0 1.0 6 
5.5 3.75 5.5 1.0 1.0 1.0 6 
6.25 3.75 5.5 1.0 1.0 1.0 6 
6.5 3.75 5.75 1.0 1.0 1.0 6 
3.75 4.0 6.0 1.0 1.0 1.0 6 
3.75 4.0 5.75 1.0 1.0 1.0 6 
3.75 3.75 6.0 1.0 1.0 1.0 6 
3.75 5.5 7.0 1.0 1.0 1.0 6 
3.75 3.75 5.75 1.0 1.0 1.0 6 
3.75 5.75 7.0 1.0 1.0 1.0 6 
3.75 6.0 7.0 1.0 1.0 1.0 6 
3.75 6.5 6.75 1.0 1.0 1.0 6 
3.75 6.25 7.0 1.0 1.0 1.0 6 
3.75 6.75 6.5 1.0 1.0 1.0 6 
3.75 6.75 6.25 1.0 1.0 1.0 6 
3.75 6.75 6.0 1.0 1.0 1.0 6 
3.75 6.75 5.75 1.0 1.0 1.0 6 
3.75 6.5 5.5 1.0 1.0 1.0 6 
3.75 6.25 5.25 1.0 1.0 1.0 6 
3.75 6.0 5.25 1.0 1.0 1.0 6 
3.75 5.75 5.25 1.0 1.0 1.0 6 
3.75 5.5 5.25 1.0 1.0 1.0 6 
3.75 5.25 5.5 1.0 1.0 1.0 6 
3.75 5.0 5.75 1.0 1.0 1.0 6 
3.75 5.0 6.0 1.0 1.0 1.0 6 
3.75 5.0 6.25 1.0 1.0 1.0 6 
3.75 5.0 6.5 1.0 1.0 1.0 6 
3.75 5.25 6.75 1.0 1.0 1.0 6 
3.75 6.5 5.75 1.0 1.0 1.0 6 
3.75 6.25 5.5 1.0 1.0 1.0 6 
3.75 5.5 5.5 1.0 1.0 1.0 6 
3.75 5.25 5.75 1.0 1.0 1.0 6 
3.75 5.5 6.75 1.0 1.0 1.0 6 
3.75 5.75 6.75 1.0 1.0 1.0 6 
3.75 6.25 6.75 1.0 1.0 1.0 6 
3.75 6.0 6.75 1.0 1.0 1.0 6 
3.75 5.75 6.5 1.0 1.0 1.0 6 
3.75 6.0 6.5 1.0 1.0 1.0 6 
5.5 4.75 8.0 1.0 1.0 1.0 6 
6.0 4.75 8.0 1.0 1.0 1.0 6 
5.75 4.75 8.0 1.0 1.0 1.0 6 
6.25 4.75 8.0 1.0 1.0 1.0 6 
6.75 5.25 8.0 1.0 1.0 1.0 6 
6.5 5.0 8.0 1.0 1.0 1.0 6 
6.5 6.25 8.0 1.0 1.0 1.0 6 
6.75 5.5 8.0 1.0 1.0 1.0 6 
6.75 5.75 8.0 1.0 1.0 1.0 6 
6.75 6.0 8.0 1.0 1.0 1.0 6 
6.25 6.5 8.0 1.0 1.0 1.0 6 
6.0 6.5 8.0 1.0 1.0 1.0 6 
5.75 6.5 8.0 1.0 1.0 1.0 6 
5.5 6.5 8.0 1.0 1.0 1.0 6 
5.25 6.25 8.0 1.0 1.0 1.0 6 
5.0 6.0 8.0 1.0 1.0 1.0 6 
5.0 5.75 8.0 1.0 1.0 1.0 6 
5.0 5.5 8.0 1.0 1.0 1.0 6 
5.0 5.25 8.0 1.0 1.0 1.0 6 
5.25 5.0 8.0 1.0 1.0 1.0 6 
6.25 5.0 8.0 1.0 1.0 1.0 6 
6.0 5.0 8.0 1.0 1.0 1.0 6 
5.75 5.25 8.0 1.0 1.0 1.0 6 
5.75 5.0 8.0 1.0 1.0 1.0 6 
5.5 5.0 8.0 1.0 1.0 1.0 6 
6.0 5.25 8.0 1.0 1.0 1.0 6 
5.25 6.0 8.0 1.0 1.0 1.0 6 
5.5 6.25 8.0 1.0 1.0 1.0 6 
6.25 6.25 8.0 1.0 1.0 1.0 6 
6.5 6.0 8.0 1.0 1.0 1.0 6 
7.75 4.0 3.75 1.0 1.0 1.0 6 
7.25 4.0 3.75 1.0 1.0 1.0 6 
7.0 4.0 3.75 1.0 1.0 1.0 6 
6.75 4.0 3.75 1.0 1.0 1.0 6 
7.75 4.25 3.75 1.0 1.0 1.0 6 
7.75 4.5 3.75 1.0 1.0 1.0 6 
7.75 4.75 3.75 1.0 1.0 1.0 6 
7.75 5.0 3.75 1.0 1.0 1.0 6 
7.75 5.75 3.75 1.0 1.0 1.0 6 
7.75 6.0 3.75 1.0 1.0 1.0 6 
7.75 7.75 3.75 1.0 1.0 1.0 6 
7.75 7.5 3.75 1.0 1.0 1.0 6 
7.75 7.25 3.75 1.0 1.0 1.0 6 
7.75 7.0 3.75 1.0 1.0 1.0 6 
7.75 6.75 3.75 1.0 1.0 1.0 6 
6.0 4.0 3.75 1.0 1.0 1.0 6 
5.75 4.0 3.75 1.0 1.0 1.0 6 
4.0 4.0 3.75 1.0 1.0 1.0 6 
4.25 4.0 3.75 1.0 1.0 1.0 6 
4.5 4.0 3.75 1.0 1.0 1.0 6 
4.75 4.0 3.75 1.0 1.0 1.0 6 
5.0 4.0 3.75 1.0 1.0 1.0 6 
4.0 4.25 3.75 1.0 1.0 1.0 6 
4.0 4.5 3.75 1.0 1.0 1.0 6 
4.0 4.75 3.75 1.0 1.0 1.0 6 
4.0 5.0 3.75 1.0 1.0 1.0 6 
4.0 6.0 3.75 1.0 1.0 1.0 6 
4.0 5.75 3.75 1.0 1.0 1.0 6 
4.0 7.75 3.75 1.0 1.0 1.0 6 
4.0 7.5 3.75 1.0 1.0 1.0 6 
4.0 7.25 3.75 1.0 1.0 1.0 6 
4.0 7.0 3.75 1.0 1.0 1.0 6 
4.0 6.75 3.75 1.0 1.0 1.0 6 
4.25 7.75 3.75 1.0 1.0 1.0 6 
4.5 7.75 3.75 1.0 1.0 1.0 6 
4.75 7.75 3.75 1.0 1.0 1.0 6 
5.0 7.75 3.75 1.0 1.0 1.0 6 
5.75 7.75 3.75 1.0 1.0 1.0 6 
6.0 7.75 3.75 1.0 1.0 1.0 6 
7.5 7.75 3.75 1.0 1.0 1.0 6 
7.25 7.75 3.75 1.0 1.0 1.0 6 
7.0 7.75 3.75 1.0 1.0 1.0 6 
6.75 7.75 3.75 1.0 1.0 1.0 6 
6.25 3.75 6.5 0.964686 0.144128 1.0 6 
6.5 3.75 6.5 0.964686 0.144128 1.0 6 
6.5 3.75 6.25 0.964686 0.144128 1.0 6 
6.5 3.75 6.0 0.964686 0.144128 1.0 6 
6.25 3.75 6.25 0.964686 0.144128 1.0 6 
6.25 3.75 6.0 0.964686 0.144128 1.0 6 
6.25 3.75 5.75 0.964686 0.144128 1.0 6 
6.0 3.75 6.25 0.964686 0.144128 1.0 6 
6.0 3.75 6.0 0.964686 0.144128 1.0 6 
6.0 3.75 5.75 0.964686 0.144128 1.0 6 
6.0 3.75 5.5 0.964686 0.144128 1.0 6 
5.75 3.75 6.25 0.964686 0.144128 1.0 6 
5.75 3.75 6.0 0.964686 0.144128 1.0 6 
5.75 3.75 5.75 0.964686 0.144128 1.0 6 
5.75 3.75 5.5 0.964686 0.144128 1.0 6 
5.5 3.75 5.75 0.964686 0.144128 1.0 6 
5.5 3.75 6.0 0.964686 0.144128 1.0 6 
5.5 3.75 6.25 0.964686 0.144128 1.0 6 
5.5 3.75 6.5 0.964686 0.144128 1.0 6 
5.25 3.75 6.5 0.964686 0.144128 1.0 6 
5.25 3.75 6.25 0.964686 0.144128 1.0 6 
5.25 3.75 6.0 0.964686 0.144128 1.0 6 
3.75 5.5 6.5 0.964686 0.144128 1.0 6 
3.75 5.25 6.5 0.964686 0.144128 1.0 6 
3.75 5.25 6.25 0.964686 0.144128 1.0 6 
3.75 5.5 6.25 0.964686 0.144128 1.0 6 
3.75 5.25 6.0 0.964686 0.144128 1.0 6 
3.75 5.5 6.0 0.964686 0.144128 1.0 6 
3.75 5.5 5.75 0.964686 0.144128 1.0 6 
3.75 5.75 6.25 0.964686 0.144128 1.0 6 
3.75 6.0 6.25 0.964686 0.144128 1.0 6 
3.75 6.25 6.5 0.964686 0.144128 1.0 6 
3.75 6.5 6.5 0.964686 0.144128 1.0 6 
3.75 6.5 6.25 0.964686 0.144128 1.0 6 
3.75 6.5 6.0 0.964686 0.144128 1.0 6 
3.75 6.25 5.75 0.964686 0.144128 1.0 6 
3.75 6.25 6.0 0.964686 0.144128 1.0 6 
3.75 6.25 6.25 0.964686 0.144128 1.0 6 
3.75 6.0 5.5 0.964686 0.144128 1.0 6 
3.75 6.0 5.75 0.964686 0.144128 1.0 6 
3.75 6.0 6.0 0.964686 0.144128 1.0 6 
3.75 5.75 5.5 0.964686 0.144128 1.0 6 
3.75 5.75 5.75 0.964686 0.144128 1.0 6 
3.75 5.75 6.0 0.964686 0.144128 1.0 6 
5.75 8.0 5.5 0.964686 0.144128 1.0 6 
6.0 8.0 5.5 0.964686 0.144128 1.0 6 
5.5 8.0 5.75 0.964686 0.144128 1.0 6 
5.75 8.0 5.75 0.964686 0.144128 1.0 6 
6.0 8.0 5.75 0.964686 0.144128 1.0 6 
6.25 8.0 5.75 0.964686 0.144128 1.0 6 
6.5 8.0 6.0 0.964686 0.144128 1.0 6 
6.25 8.0 6.0 0.964686 0.144128 1.0 6 
6.0 8.0 6.0 0.964686 0.144128 1.0 6 
5.75 8.0 6.0 0.964686 0.144128 1.0 6 
5.5 8.0 6.0 0.964686 0.144128 1.0 6 
5.25 8.0 6.0 0.964686 0.144128 1.0 6 
5.25 8.0 6.25 0.964686 0.144128 1.0 6 
5.5 8.0 6.5 0.964686 0.144128 1.0 6 
5.25 8.0 6.5 0.964686 0.144128 1.0 6 
5.5 8.0 6.25 0.964686 0.144128 1.0 6 
5.75 8.0 6.25 0.964686 0.144128 1.0 6 
6.0 8.0 6.25 0.964686 0.144128 1.0 6 
6.25 8.0 6.25 0.964686 0.144128 1.0 6 
6.5 8.0 6.25 0.964686 0.144128 1.0 6 
6.5 8.0 6.5 0.964686 0.144128 1.0 6 
8.0 5.75 5.5 0.964686 0.144128 1.0 6 
6.25 8.0 6.5 0.964686 0.144128 1.0 6 
8.0 6.0 5.5 0.964686 0.144128 1.0 6 
8.0 5.5 5.75 0.964686 0.144128 1.0 6 
8.0 5.75 5.75 0.964686 0.144128 1.0 6 
8.0 6.0 5.75 0.964686 0.144128 1.0 6 
8.0 6.25 5.75 0.964686 0.144128 1.0 6 
8.0 6.5 6.0 0.964686 0.144128 1.0 6 
8.0 6.25 6.0 0.964686 0.144128 1.0 6 
8.0 6.0 6.0 0.964686 0.144128 1.0 6 
8.0 5.75 6.0 0.964686 0.144128 1.0 6 
8.0 5.5 6.0 0.964686 0.144128 1.0 6 
8.0 5.25 6.0 0.964686 0.144128 1.0 6 
8.0 5.25 6.25 0.964686 0.144128 1.0 6 
8.0 5.25 6.5 0.964686 0.144128 1.0 6 
8.0 5.5 6.25 0.964686 0.144128 1.0 6 
8.0 5.5 6.5 0.964686 0.144128 1.0 6 
8.0 5.75 6.25 0.964686 0.144128 1.0 6 
8.0 6.0 6.25 0.964686 0.144128 1.0 6 
8.0 6.25 6.25 0.964686 0.144128 1.0 6 
8.0 6.5 6.25 0.964686 0.144128 1.0 6 
8.0 6.5 6.5 0.964686 0.144128 1.0 6 
8.0 6.25 6.5 0.964686 0.144128 1.0 6 
5.25 5.25 8.0 0.964686 0.144128 1.0 6 
5.5 5.25 8.0 0.964686 0.144128 1.0 6 
5.25 5.5 8.0 0.964686 0.144128 1.0 6 
5.25 5.75 8.0 0.964686 0.144128 1.0 6 
5.5 5.5 8.0 0.964686 0.144128 1.0 6 
5.5 5.75 8.0 0.964686 0.144128 1.0 6 
5.5 6.0 8.0 0.964686 0.144128 1.0 6 
5.75 6.25 8.0 0.964686 0.144128 1.0 6 
6.0 6.25 8.0 0.964686 0.144128 1.0 6 
5.75 6.0 8.0 0.964686 0.144128 1.0 6 
5.75 5.75 8.0 0.964686 0.144128 1.0 6 
5.75 5.5 8.0 0.964686 0.144128 1.0 6 
6.0 5.5 8.0 0.964686 0.144128 1.0 6 
6.25 5.25 8.0 0.964686 0.144128 1.0 6 
6.5 5.25 8.0 0.964686 0.144128 1.0 6 
6.25 5.5 8.0 0.964686 0.144128 1.0 6 
6.5 5.5 8.0 0.964686 0.144128 1.0 6 
6.0 5.75 8.0 0.964686 0.144128 1.0 6 
6.0 6.0 8.0 0.964686 0.144128 1.0 6 
6.25 6.0 8.0 0.964686 0.144128 1.0 6 
6.25 5.75 8.0 0.964686 0.144128 1.0 6 
6.5 5.75 8.0 0.964686 0.144128 1.0 6 
